-210.620635986,156.827926636,113.400367737
-148.342681885,205.32244873,122.336914062
-148.644699097,203.473892212,114.697776794
-147.495391846,202.22454834,110.963752747
-145.99420166,199.915969849,106.692092896
-144.02381897,199.297607422,101.545875549
-143.088973999,196.942810059,96.0754394531
-141.004257202,193.06678772,91.2865142822
-140.425048828,190.736709595,87.2369384766
-139.00718689,187.901107788,83.4299545288
-137.518753052,184.261016846,79.7085952759
-136.631454468,179.861129761,76.773727417
-135.727813721,175.309768677,74.4601593018
-134.11491394,171.486068726,73.0784988403
-133.208465576,169.206634521,72.2126617432
-131.824310303,167.239883423,70.785949707
-131.281585693,165.382156372,70.1588973999
-130.800262451,164.209945679,69.8304290771
-130.243270874,163.188079834,69.5062179565
-129.867706299,161.641921997,69.1739730835
-129.592224121,160.324630737,68.79712677
-129.413131714,157.838058472,67.4542312622
-129.327774048,157.042877197,66.9359664917
-129.437713623,155.649734497,66.1758346558
-129.858886719,154.912567139,65.6708831787
-130.141494751,154.131652832,65.30128479
-130.691879272,153.304901123,65.0285263062
-130.993301392,152.501571655,64.6605911255
-131.462432861,152.12689209,64.2994537354
-131.566558838,151.572463989,64.0757980347
-131.997085571,150.93800354,63.7448196411
-132.35118103,150.61730957,63.5444526672
-132.797393799,150.5234375,63.312538147
-133.172729492,150.406555176,63.1137008667
-133.378128052,150.160415649,63.0392799377
-133.559860229,150.000854492,63.0080223083
-133.782897949,149.836196899,63.0199546814
-134.402801514,149.950027466,62.8218078613
-134.503509521,149.961624146,62.7967948914
-134.801605225,149.933639526,62.7991828918
-135.344390869,149.798614502,62.7873306274
-135.929870605,149.772384644,62.7647514343
-136.490966797,149.850341797,62.7654762268
-137.064804077,150.04598999,62.669128418
-137.064590454,150.084365845,62.738571167
-137.332290649,150.248245239,62.7955131531
-139.373733521,152.369827271,63.3183174133
-139.815719604,153.081878662,63.4999542236
-140.145401001,153.970169067,63.8224411011
-140.394927979,154.370758057,64.4326629639
-141.208496094,155.805877686,65.2074966431
-142.699569702,157.971328735,66.1076812744
-142.957443237,158.38269043,66.2430114746
-145.357696533,161.987976074,67.1103057861
-146.204650879,162.752609253,67.3530960083
-148.02885437,164.124206543,67.3033218384
-149.946075439,165.073165894,67.43334198
-151.591552734,165.746292114,67.552734375
-152.981414795,166.149169922,67.7788467407
-154.475570679,166.193984985,67.6364135742
-156.294296265,165.998535156,67.4551391602
-156.515090942,165.910003662,67.4148635864
-158.046432495,165.551208496,67.0179367065
-159.059661865,165.365402222,66.1811676025
-159.811401367,164.913024902,65.5566635132
-160.138412476,164.281890869,65.0887985229
-160.862487793,163.469421387,64.444152832
-161.458175659,162.449249268,63.9674911499
-162.14163208,161.354248047,63.5391197205
-162.960235596,160.329864502,63.1417312622
-163.620651245,159.433166504,62.8838768005
-164.382217407,158.554000854,62.5012588501
-165.927215576,157.538543701,62.0548667908
-167.118682861,156.598312378,61.5908660889
-168.054412842,155.819122314,61.223033905
-169.351303101,154.727203369,60.8376808167
-170.71546936,153.466369629,60.20728302
-172.131408691,152.105773926,59.5447120667
-173.151702881,151.150817871,59.1580619812
-171.782669067,149.058029175,58.026802063
-172.738861084,148.089096069,57.270526886
-174.26914978,146.131011963,56.2137145996
-175.466064453,144.436035156,55.4267959595
-175.410476685,144.125335693,55.2114143372
-175.34022522,144.013748169,55.1251678467
-176.450286865,143.295501709,53.9130554199
-176.880874634,142.962081909,53.3988037109
-178.064559937,142.361999512,52.5566101074
-179.095306396,141.873443604,51.8606948853
-90.1341094971,149.837646484,64.4796829224
-90.0733337402,150.141571045,63.8414573669
-90.6345291138,150.259017944,62.9499092102
-92.8164825439,150.168304443,61.5223808289
-95.5424957275,150.069992065,59.8822898865
-100.699928284,148.368331909,58.6275634766
-101.755836487,147.813354492,58.5276298523
-106.500282288,146.621017456,57.7174835205
-107.376930237,146.447235107,57.4872169495
-110.613739014,145.649230957,56.4301071167
-112.387649536,145.216003418,55.9971389771
-113.218444824,144.939346313,55.7525138855
-115.048973083,143.893676758,55.1141242981
-116.335021973,142.870834351,54.37550354
-118.069198608,141.568069458,53.7775917053
-118.981269836,141.36328125,53.6729125977
-119.467658997,141.433700562,53.9465065002
-121.65839386,141.831192017,54.6767272949
-122.567886353,141.86781311,55.0592155457
-123.625793457,141.845077515,55.2521934509
-126.781684875,141.568496704,55.7861557007
-128.01574707,141.595153809,55.8453483582
-129.605911255,141.824874878,55.8397789001
-131.217651367,141.776519775,56.1458358765
-132.382141113,141.709762573,56.4202079773
-133.708297729,142.239639282,56.329624176
-135.0962677,142.485488892,55.9848136902
-136.409210205,142.467529297,56.1932067871
-137.743453979,142.269500732,55.8530769348
-138.65045166,142.552246094,55.6367950439
-139.630310059,142.731704712,55.3822937012
-140.400360107,142.81678772,55.1620941162
-141.37953186,142.985992432,54.7718849182
-142.143768311,143.08013916,54.4831924438
-142.876556396,143.163864136,54.3531723022
-143.169204712,143.133560181,54.3043479919
-143.561676025,143.147705078,54.2659873962
-143.75328064,143.165390015,54.3144111633
-143.953552246,143.231307983,54.3647270203
-144.109725952,143.364761353,54.4494056702
-144.161987305,143.450317383,54.5931587219
-144.258422852,143.705383301,54.8270339966
-144.400421143,143.99105835,55.0478019714
-144.399505615,144.158737183,55.294506073
-144.416671753,144.22416687,55.3865203857
-144.416503906,144.336410522,55.561920166
-144.497344971,144.434738159,55.7300300598
-144.533248901,144.427490234,55.9073829651
-144.693756104,144.622283936,56.1365699768
-144.972702026,144.918823242,56.300945282
-145.394454956,145.175094604,56.3691139221
-145.948867798,145.379440308,56.3669395447
-147.026657104,145.926345825,56.2920570374
-148.606460571,146.292236328,55.8364181519
-150.020385742,146.722503662,55.4086608887
-152.44392395,147.301147461,54.7876434326
-154.292984009,148.126937866,54.1511688232
-155.641281128,148.587280273,53.6864013672
-156.725921631,149.179779053,53.2706794739
-157.669677734,149.621139526,52.3545608521
-158.216262817,150.072189331,52.0512313843
-158.318969727,150.206710815,52.1793708801
-157.559127808,151.712127686,53.1719779968
-154.946228027,152.418441772,54.095790863
-148.029953003,153.600128174,55.4974212646
-139.196853638,154.566146851,58.1241531372
-125.265869141,154.3724823,62.6257858276
-104.752693176,153.807632446,69.4994049072
-87.2123413086,150.862304688,72.8738555908
-86.3603363037,151.246109009,73.0871047974
-85.5451278687,155.495193481,75.1471099854
-78.3487014771,149.528762817,77.7558059692
-76.4816970825,151.144760132,78.6282043457
-77.845489502,152.182601929,78.3597259521
-82.4890975952,154.075897217,77.4504776001
-85.1999893188,153.588607788,77.2978210449
-85.7527008057,152.68699646,77.3153381348
-86.2022399902,152.064605713,77.1752853394
-86.0199508667,151.571105957,77.10987854
-85.1502685547,149.789581299,76.9845199585
-83.1956100464,147.671707153,77.3051986694
-81.2240600586,146.493240356,77.10181427
-78.677406311,145.813354492,77.1234817505
-76.4470367432,145.391082764,77.190826416
-74.5340805054,144.899200439,77.5205841064
-72.8600311279,144.968307495,77.651802063
-71.3302536011,145.084396362,77.9832458496
-70.9959411621,145.158798218,78.0821075439
-71.5346374512,143.827072144,78.6426620483
-71.39037323,143.778640747,78.6926422119
-71.1579360962,143.843948364,78.7300109863
-70.8906326294,143.939163208,78.6832962036
-70.6619720459,143.962814331,78.6602020264
-70.1888809204,143.268280029,78.6261444092
-69.6634674072,142.815460205,78.4337615967
-69.3600616455,142.604904175,78.3110809326
-69.2576904297,142.564041138,78.2408599854
-68.9811782837,142.474136353,78.1352157593
-68.7541275024,142.406539917,78.0892410278
-68.2076721191,141.923828125,78.2474441528
-67.9793930054,141.805023193,78.2823944092
-67.5908279419,141.621994019,78.2806396484
-67.2959136963,140.945266724,78.2745819092
-66.7538146973,139.338150024,78.7904129028
-66.7479553223,139.113983154,78.8173980713
-66.7476730347,139.097930908,78.8017044067
-66.2559967041,138.849456787,78.5935211182
-65.972076416,139.01184082,78.3450546265
-65.1981811523,139.038970947,77.6508712769
-64.7908630371,139.209518433,77.1424865723
-64.6450576782,139.531723022,76.7273025513
-64.5279006958,139.787689209,76.4718933105
-64.4737014771,139.842651367,76.467300415
-64.4319229126,139.905929565,76.4601898193
-64.4233703613,139.996429443,76.4481964111
-64.376121521,140.10256958,76.4303588867
-64.1264419556,140.302474976,76.4221496582
-64.1153869629,140.336257935,76.6456222534
-64.0148391724,140.520858765,76.7423553467
-63.9764595032,140.729873657,76.7977905273
-63.931602478,140.913619995,76.8382568359
-63.9194717407,141.153289795,76.8241424561
-63.8997344971,141.441390991,76.7153549194
-63.9155082703,141.473236084,76.7004852295
-64.3477554321,142.15171814,76.4255142212
-64.7239990234,142.518814087,76.2090606689
-64.9031906128,142.929855347,75.9167175293
-65.1387329102,143.224151611,75.6515731812
-65.5122680664,143.042205811,75.3336715698
-66.1823577881,142.407318115,74.7540588379
-67.5477676392,141.677261353,74.0607070923
-68.4349517822,140.104492188,73.546546936
-69.1990280151,138.971633911,72.9528961182
-70.0176620483,135.984207153,72.0952453613
-70.1536712646,134.077346802,71.3425674438
-68.2321548462,127.472335815,68.5689163208
-67.8469848633,123.197860718,67.4194412231
-67.1544570923,123.355804443,67.6590576172
-65.3089370728,123.444717407,67.8550872803
-58.758392334,124.774482727,69.2087402344
-26.0641403198,128.240921021,61.5932655334
-23.1342830658,129.60395813,60.9832763672
-22.23787117,130.391525269,60.6939811707
-21.8364620209,130.10319519,60.6691513062
-21.8903083801,130.122421265,60.6888084412
-25.1619224548,130.245651245,58.785243988
-38.7946662903,132.237594604,49.6022720337
-41.2899131775,131.293670654,45.0314331055
-43.0949211121,130.651931763,42.3276748657
-44.0798835754,129.489151001,41.0037918091
-45.0182723999,128.77520752,39.9559288025
-45.0152320862,128.269760132,39.8048439026
-41.5112571716,117.353805542,39.2309951782
-34.678401947,112.71219635,39.6027603149
-27.5724906921,109.916969299,37.4935493469
-22.3542747498,109.009796143,34.8751602173
-18.9716472626,108.335716248,33.3000259399
-17.6244754791,107.389503479,33.3413887024
-17.0599727631,106.993019104,33.3587226868
-16.7609100342,106.769371033,32.8617134094
-16.78150177,107.418167114,32.5507354736
-28.6543865204,110.805709839,30.2379379272
-38.9295578003,111.953262329,28.9498558044
-45.6604042053,114.120880127,27.1470012665
-50.8766021729,116.308677673,25.8426570892
-54.3299560547,115.334907532,22.0887985229
-54.7986221313,115.037582397,21.3047981262
-52.3371925354,112.434944153,22.7856369019
-49.9513816833,114.172897339,23.7140312195
-42.998840332,112.655235291,28.9650917053
-38.8582038879,113.06816864,32.1685256958
-38.8450737,112.942489624,27.7291603088
-39.1982421875,112.610687256,24.780248642
-39.6085128784,112.410423279,21.3223953247
-39.8352890015,112.446044922,19.9947681427
-39.5801506042,112.605300903,19.7539978027
-39.4442062378,112.719955444,20.4312705994
-36.3633079529,118.130279541,24.3572444916
-36.9533996582,120.342308044,25.3731994629
-42.9374084473,123.160980225,21.812379837
-47.1385765076,122.329994202,18.3174781799
-49.3117637634,122.379554749,16.0393733978
-50.8207015991,122.056213379,14.8019266129
-50.1566772461,123.485351562,13.586930275
-50.1644554138,123.6120224,13.2897338867
-49.9203834534,125.439971924,8.43642520905
-47.4485054016,127.058807373,7.2408657074
-44.2241516113,123.595970154,10.25278759
-43.3619155884,123.065536499,10.2108154297
-42.8296890259,123.511474609,8.79180812836
-41.8752555847,123.753623962,7.48988342285
-39.8757553101,123.805786133,5.89104652405
-36.9139175415,124.066596985,3.28030371666
-36.7044296265,124.085044861,3.09564971924
-35.6682052612,124.229454041,2.4714345932
-34.6736946106,124.503456116,1.81475031376
-33.5148239136,124.694709778,1.35468554497
-32.8038597107,124.489387512,1.20104110241
-32.3967437744,124.362091064,1.08834087849
-32.005569458,123.909210205,0.945102095604
-31.7322292328,123.470039368,0.783148705959
-31.4908428192,122.659355164,0.959191083908
-31.3246574402,122.101226807,1.08039045334
-31.2425479889,121.825462341,1.14027261734
-31.068529129,121.566917419,1.17982685566
-30.7693576813,121.303794861,1.13185310364
-30.4808635712,120.923866272,0.976498484612
-30.7186203003,120.37828064,1.01286518574
-31.5104579926,119.584320068,1.08492445946
-33.9559211731,118.663978577,3.3630964756
-34.8928108215,118.311386108,4.23589468002
-39.9114494324,116.903800964,8.50416088104
-44.0254631042,115.277313232,11.7602977753
-49.964302063,115.410972595,13.4319639206
-54.1226806641,116.036849976,14.6507501602
-56.3472900391,116.55267334,16.0107536316
-58.7769355774,117.840202332,19.285326004
-61.503944397,118.141075134,25.2216758728
-65.1815643311,119.768127441,33.7301597595
-67.2976226807,120.065536499,38.154712677
-72.2213058472,120.565544128,46.3305130005
-75.949508667,119.252418518,56.323802948
-80.0028915405,116.484474182,65.9183044434
-108.589996338,145.333312988,64.6667785645
-108.725669861,144.613769531,64.672958374
-108.766448975,144.203338623,64.6374893188
-108.92880249,143.597793579,64.5861434937
-109.093978882,143.157302856,64.5335388184
-109.355140686,142.481552124,64.4457931519
-109.663063049,141.964813232,64.3589782715
-109.98727417,141.55368042,64.2728729248
-110.284721375,141.160919189,64.2137145996
-110.516868591,140.880859375,64.1779708862
-110.718948364,140.606933594,64.1707611084
-110.727897644,140.598083496,64.1714935303
-110.823883057,140.438446045,64.2052764893
-110.829742432,140.377120972,64.2295532227
-110.75353241,140.275985718,64.2770462036
-110.59324646,140.129440308,64.3429412842
-110.303985596,139.943832397,64.4627761841
-110.004341125,139.697250366,64.5643081665
-109.653900146,139.547119141,64.6363754272
-109.228309631,139.382080078,64.7066802979
-109.178794861,139.358963013,64.7106399536
-108.941818237,139.277252197,64.7370147705
-108.812690735,139.257522583,64.7540283203
-108.745948792,139.256652832,64.7552185059
-108.72454834,139.263946533,64.7420883179
-108.734466553,139.299575806,64.7037582397
-108.756965637,139.36656189,64.6457595825
-108.819473267,139.47517395,64.550743103
-108.974990845,139.680236816,64.3411178589
-109.049568176,139.777404785,64.2532119751
-109.276451111,140.027587891,64.0680465698
-109.543571472,140.344345093,63.86353302
-109.788192749,140.582382202,63.6997909546
-110.036994934,140.747283936,63.5896530151
-110.278137207,140.918243408,63.5043563843
-110.503761292,141.072036743,63.4609985352
-110.707328796,141.244918823,63.4191970825
-110.815361023,141.336669922,63.3970146179
-111.007873535,141.484680176,63.3846473694
-111.164237976,141.615325928,63.4130058289
-111.30519104,141.7237854,63.4509849548
-111.46749115,141.866729736,63.5610084534
-111.643287659,142.009384155,63.6868400574
-111.868835449,142.104324341,63.9838867188
-112.038772583,142.184387207,64.1969451904
-112.362106323,142.294815063,64.5729598999
-112.639884949,142.331268311,64.8906478882
-112.940963745,142.327880859,65.1930923462
-113.154289246,142.296173096,65.4193878174
-113.362030029,142.297973633,65.6195144653
-113.675498962,142.30116272,65.8804779053
-113.788414001,142.315826416,65.9899978638
-114.55871582,142.253555298,66.6287689209
-115.152946472,142.504379272,67.3073654175
-115.564048767,142.515914917,67.9037246704
-115.907875061,142.516311646,68.2613601685
-116.193725586,142.562606812,68.4884719849
-116.430953979,142.572402954,68.6659698486
-116.603355408,142.548858643,68.8163223267
-116.733825684,142.555587769,68.9272079468
-116.766769409,142.557678223,68.9537506104
-116.935333252,142.547576904,69.0869216919
-117.098922729,142.533203125,69.1948165894
-117.239700317,142.537658691,69.2969436646
-117.379165649,142.526168823,69.3965911865
-117.505088806,142.509689331,69.4801330566
-117.660575867,142.521850586,69.5829086304
-117.718673706,142.524765015,69.6199951172
-117.851127625,142.486572266,69.7100372314
-117.881378174,142.333526611,69.7501602173
-117.891456604,142.058303833,69.8049621582
-117.891479492,141.851364136,69.8507232666
-117.947860718,141.621795654,69.8704376221
-118.001457214,140.933807373,69.7142868042
-118.102722168,140.283996582,69.5044250488
-118.15486908,140.184356689,69.5121002197
-118.347434998,140.211395264,69.5534744263
-118.509918213,140.263061523,69.5966339111
-118.897537231,140.434646606,69.6855392456
-119.072769165,140.29296875,69.7203674316
-119.133262634,140.19883728,69.7282485962
-119.113540649,140.033096313,69.7233810425
-118.210227966,138.705566406,69.2135391235
-117.622528076,138.429397583,68.9730072021
-116.638328552,138.28678894,68.532081604
-111.728866577,137.801589966,67.4266967773
-105.064781189,137.184066772,65.7184295654
-96.8248291016,137.46534729,63.668170929
-86.4612731934,138.483840942,61.3458824158
-75.6419372559,141.777175903,60.3878669739
-47.111579895,144.015716553,62.0659294128
-40.6041069031,146.820114136,61.6011009216
-38.1142196655,147.767791748,59.6942100525
-37.5914802551,149.581314087,59.14295578
-37.5739784241,150.869735718,58.704864502
-37.7995414734,151.896194458,58.4165420532
-37.8536834717,152.80128479,58.2611923218
-37.9186820984,153.643173218,58.0279273987
-37.8531036377,154.168380737,57.7236747742
-37.8434906006,154.618835449,57.4482917786
-37.7157173157,155.443664551,57.0636787415
-37.4747390747,156.201873779,56.667011261
-37.2262954712,157.00958252,55.9858779907
-36.8306350708,157.906585693,54.5372848511
-36.6188316345,158.042327881,54.1158828735
-36.3215942383,158.128997803,53.6046829224
-36.0910072327,158.115219116,53.2292366028
-35.613117218,157.990661621,52.8313407898
-35.2945480347,157.983322144,52.4842720032
-35.0948448181,157.921157837,52.2508621216
-34.8625221252,157.502151489,52.1316375732
-34.5450325012,157.111877441,52.0914154053
-34.3523597717,156.858978271,52.0688095093
-34.2744483948,156.558898926,52.0749359131
-34.1842422485,156.350494385,52.0971679688
-34.1158981323,156.260375977,52.1854629517
-34.1045722961,156.246337891,52.2107086182
-34.049697876,156.161636353,52.3224945068
-34.0182037354,156.09828186,52.3898162842
-34.0052223206,156.046707153,52.4596328735
-33.9785614014,156.023025513,52.4712715149
-33.9507064819,155.995910645,52.4835281372
-33.8888931274,155.951141357,52.5222053528
-33.8787269592,155.927307129,52.5329055786
-33.8739624023,155.917037964,52.5371894836
-33.8977050781,155.891494751,52.5503158569
-33.9152336121,155.859558105,52.5682296753
-33.9353408813,155.816299438,52.5755195618
-33.9203872681,155.797164917,52.5722007751
-33.9073295593,155.781936646,52.5695877075
-33.8777770996,155.763168335,52.5673027039
-33.8353538513,155.748565674,52.5594902039
-33.7939147949,155.734298706,52.5518608093
-33.780620575,155.728408813,52.5425300598
-33.7725715637,155.723678589,52.5279769897
-33.756313324,155.713623047,52.5073356628
-33.7370872498,155.694595337,52.4892196655
-33.7314376831,155.676223755,52.4705963135
-33.7225761414,155.640594482,52.45104599
-33.7418708801,155.616088867,52.4443092346
-33.7842292786,155.58164978,52.4436035156
-33.8807106018,155.483764648,52.468132019
-33.9496841431,155.394378662,52.4893074036
-34.0337142944,155.332778931,52.4296836853
-34.1441802979,155.275680542,52.4507446289
-34.2002639771,155.218978882,52.4872398376
-34.2659263611,155.153778076,52.5689735413
-34.3604621887,155.184326172,52.6328201294
-34.5722389221,155.243972778,52.8690910339
-35.0492897034,154.959747314,53.0984458923
-35.3331565857,154.82019043,53.2417411804
-35.7905235291,155.019470215,53.6241531372
-35.903213501,155.057556152,53.72215271
-36.2197303772,155.128356934,53.8897361755
-36.6958618164,155.136062622,54.1750526428
-37.0798988342,155.048294067,54.3067932129
-37.1929702759,154.961959839,54.3172988892
-37.2797203064,154.858947754,54.3688049316
-37.3423843384,154.888687134,54.4483757019
-37.4570655823,154.990188599,54.608291626
-37.6857681274,155.085494995,54.9070625305
-38.0546989441,155.279891968,55.0473556519
-38.3967132568,155.582672119,55.2551002502
-38.9566268921,155.780380249,55.4214515686
-39.8864593506,156.146987915,55.8420677185
-41.5942115784,155.687408447,56.2721672058
-43.9471054077,154.794723511,56.8313293457
-45.8039588928,154.221206665,57.4868431091
-50.2569351196,151.771392822,56.056388855
-56.480670929,150.605300903,57.7337265015
-62.0516891479,150.139862061,62.0359191895
-68.8601379395,151.462020874,64.6190338135
-74.671913147,151.59992981,65.7974624634
-80.245880127,152.031265259,66.5921783447
-85.0881195068,153.752929688,67.4638061523
-90.6329116821,153.330230713,69.9597320557
-96.3510513306,152.82598877,72.5553817749
-92.2545700073,152.15788269,70.281867981
-91.918258667,151.958526611,70.1430053711
-93.814743042,150.511077881,71.5614089966
-96.382270813,149.392776489,73.1895828247
-99.2627410889,148.295974731,74.66040802
-101.740242004,147.378616333,76.5012512207
-103.52645874,146.598144531,77.8621444702
-105.204055786,145.884887695,79.2557525635
-107.000984192,145.547134399,80.7982025146
-107.173416138,145.598800659,80.9885177612
-107.987503052,146.228210449,81.7781906128
-108.991500854,147.370956421,83.1461181641
-109.426460266,148.036453247,83.7141647339
-110.153213501,149.179092407,84.4558563232
-110.648277283,150.310394287,85.6489334106
-111.164451599,151.563598633,87.3552932739
-111.537651062,153.196090698,89.2952194214
-111.678833008,153.785476685,90.3421707153
-111.738128662,154.13571167,92.3388442993
-111.751976013,154.709136963,94.2921676636
-111.110641479,155.032028198,96.6200485229
-110.606613159,155.14491272,99.4020843506
-110.020317078,155.089431763,102.425979614
-109.169876099,154.718521118,105.588157654
-107.485473633,153.151443481,111.977264404
-107.559425354,152.472183228,114.087661743
-107.417572021,151.531845093,116.354698181
-107.343719482,150.658203125,118.166366577
-107.473670959,149.909957886,119.426124573
-107.791595459,149.277832031,120.440132141
-107.993843079,148.851837158,121.200889587
-108.216835022,148.425003052,121.952178955
-108.294815063,148.397232056,122.100845337
-109.029327393,148.140716553,122.887886047
-109.396034241,148.092498779,123.125320435
-109.647514343,148.120513916,123.27204895
-110.028175354,148.357849121,123.355682373
-110.380584717,148.616516113,123.382781982
-110.539581299,148.798934937,123.391807556
-110.682174683,148.916656494,123.385932922
-110.905151367,149.373397827,123.278175354
-111.066619873,149.682235718,123.202720642
-111.071052551,149.869750977,123.125221252
-111.159568787,150.221618652,122.992301941
-111.189613342,150.425628662,122.825843811
-111.15763855,150.497177124,122.689033508
-111.151695251,150.537658691,122.555351257
-111.172332764,150.568557739,122.447341919
-111.136062622,150.580764771,122.381645203
-110.972442627,150.662506104,122.289649963
-110.749649048,150.68560791,122.223869324
-110.440109253,150.649002075,122.191879272
-110.143661499,150.628860474,122.094451904
-109.585983276,150.598190308,121.841323853
-108.915557861,150.560943604,121.580352783
-107.163887024,149.751419067,121.526145935
-105.862113953,149.011947632,121.322937012
-105.074996948,148.66003418,120.903373718
-104.427246094,148.642303467,120.718826294
-104.20791626,148.615600586,120.579521179
-103.781784058,148.783462524,120.368049622
-103.056137085,148.863937378,120.022994995
-102.742607117,148.869445801,119.956840515
-99.9255218506,149.173095703,119.837409973
-98.9914550781,149.16885376,119.830604553
-97.4487304688,148.292266846,118.445671082
-96.4169769287,147.968536377,117.70539093
-95.9551620483,148.309204102,117.606781006
-95.4715652466,148.722595215,117.65826416
-94.7130737305,149.280776978,117.881988525
-94.0076751709,149.817214966,118.199264526
-92.1182327271,151.206924438,118.35874176
-91.1162872314,151.683013916,118.315826416
-89.8581314087,152.174346924,118.317016602
-88.6065826416,152.731781006,118.009613037
-87.7063522339,153.23425293,117.634597778
-86.8660888672,153.441848755,117.148719788
-86.186882019,153.515792847,116.779922485
-84.8594436646,152.082336426,113.808311462
-82.2811965942,151.009384155,111.357170105
-81.6734008789,150.249862671,111.040313721
-81.0311355591,149.999069214,110.671455383
-80.2836685181,149.719848633,110.390823364
-78.9564971924,148.964141846,109.575866699
-77.7466506958,148.282913208,109.110328674
-76.3253860474,148.27355957,108.97353363
-75.7841033936,148.574996948,108.814102173
-75.0365219116,148.765884399,108.619972229
-74.6251907349,148.940460205,108.328674316
-74.0788879395,148.994430542,107.802955627
-73.2267456055,149.047836304,107.086746216
-72.4018325806,148.996688843,106.554473877
-71.833190918,149.601470947,106.145477295
-71.3305587769,149.921676636,106.316162109
-69.2960128784,148.549133301,102.54876709
-68.3041610718,148.187347412,103.138877869
-68.0440673828,148.671279907,103.283805847
-66.8264846802,149.668029785,103.641555786
-66.1498718262,150.587722778,104.358520508
-65.9329910278,150.979690552,104.736068726
-65.7422943115,151.341491699,104.702278137
-65.6273727417,151.347259521,104.769470215
-65.5633773804,151.238769531,104.907066345
-64.065071106,149.922439575,105.346588135
-63.644153595,149.370223999,105.327835083
-63.4349708557,149.21546936,105.197441101
-63.2663040161,149.070892334,105.005088806
-63.0860748291,149.072723389,104.660797119
-62.5760002136,148.769073486,104.095108032
-61.2418518066,147.247817993,102.598564148
-60.675945282,146.677978516,102.022163391
-60.2526702881,146.293502808,101.860588074
-59.7124328613,145.915878296,101.411109924
-58.8461837769,145.284454346,100.190002441
-56.3756866455,145.641326904,98.8124694824
-53.6744003296,145.870834351,98.2372055054
-49.5616989136,146.075302124,97.7414245605
-48.212020874,146.336791992,97.4186477661
-47.650844574,146.5675354,97.3700027466
-47.6527671814,146.628265381,97.3686141968
-47.8714027405,148.356124878,97.4864120483
-47.1788101196,149.071990967,97.8128204346
-47.5226173401,149.729476929,99.0726165771
-48.4537277222,148.949371338,101.306343079
-47.7472038269,148.055725098,102.497306824
-47.8181152344,147.47618103,102.935951233
-48.0433616638,147.216308594,103.04082489
-41.5005722046,147.322311401,101.833007812
-40.1955375671,146.768859863,102.192970276
-38.870174408,146.210571289,101.761016846
-37.9609375,145.704162598,101.541969299
-37.5448799133,145.472442627,101.441741943
-32.4129257202,145.569946289,100.329147339
-30.8859367371,147.304992676,97.9674301147
-31.7729167938,148.128967285,96.9807510376
-32.6359024048,148.596221924,96.504989624
-33.8188514709,148.535858154,96.7408065796
-33.2169723511,148.695922852,97.1364974976
-33.149684906,149.253601074,97.4601287842
-30.7225551605,150.312576294,98.254447937
-30.243938446,150.521392822,98.4110794067
-29.778717041,150.724380493,98.563331604
-29.7071552277,151.410125732,98.4351501465
-31.4744739532,152.873550415,98.6774139404
-34.0885391235,153.272949219,99.5212249756
-34.8010864258,154.434356689,99.4224319458
-34.8258247375,154.831680298,99.2987289429
-34.7931213379,154.996170044,99.2960510254
-34.7654342651,155.09703064,99.3102493286
-35.6173248291,155.839828491,99.1229934692
-37.7899055481,157.165939331,98.5003738403
-38.2726478577,157.436950684,98.447845459
-38.4868087769,157.405883789,98.2819519043
-38.3934783936,157.285003662,98.1672973633
-38.0596313477,157.237701416,97.7350387573
-36.5140151978,156.585189819,97.4992370605
-35.1453399658,155.791748047,97.6929321289
-34.4129600525,155.367172241,97.7965774536
-34.037902832,155.149749756,97.849647522
-33.7667350769,154.992538452,97.8880233765
-33.6860961914,154.945800781,97.8994369507
-33.5755271912,155.049194336,97.9988861084
-32.0230636597,155.364624023,97.9272994995
-32.0863189697,155.364273071,97.9796981812
-32.1457595825,155.363952637,98.0289382935
-32.3134765625,155.456100464,98.0464630127
-33.041683197,155.624969482,97.9668426514
-33.8530883789,156.111724854,98.3562774658
-36.4628715515,154.687454224,99.2418670654
-36.758934021,154.540161133,99.271774292
-38.4888458252,153.102676392,99.9315109253
-41.4221420288,154.670684814,98.5269012451
-42.7345542908,153.408828735,98.4463348389
-44.8876495361,152.918182373,98.3163146973
-49.0312004089,153.493667603,98.9772567749
-54.4008636475,154.276000977,99.3234405518
-60.2361183167,154.599822998,100.147315979
-67.1230545044,153.119766235,101.375427246
-73.7733917236,151.809356689,102.651100159
-77.3657531738,151.213088989,103.014839172
-84.7834396362,149.764358521,104.016693115
-91.2074203491,148.036743164,104.889320374
-97.3033599854,147.266555786,105.523368835
-102.651000977,146.13772583,106.53477478
84.2550125122,141.650039673,57.2753982544
-107.546592712,144.94694519,107.343315125
84.8090896606,140.286056519,56.5569953918
-111.753585815,143.520477295,107.657043457
86.1757965088,139.104476929,55.7011528015
-115.467018127,142.96472168,108.170677185
87.6441040039,138.058044434,54.9064292908
-117.210632324,142.193954468,108.113723755
89.0303421021,137.429412842,54.2573432922
-118.626594543,141.905349731,108.018058777
91.4488220215,136.546432495,53.2145195007
-122.069114685,141.431015015,107.939353943
93.0681991577,136.319503784,52.5494041443
-124.569030762,141.464797974,107.685379028
94.0775299072,136.277038574,52.163936615
-127.015167236,143.191375732,108.104309082
94.8451843262,136.733612061,51.9593734741
-128.339065552,143.329956055,108.209213257
95.8811264038,137.4894104,52.3345451355
-129.49307251,143.760116577,108.385475159
97.2618408203,138.453079224,52.2851715088
-130.654632568,143.962646484,108.306640625
99.1006317139,139.002410889,52.4362602234
-131.353683472,143.552780151,107.935394287
101.548614502,139.609191895,51.8960037231
-132.670974731,143.801956177,107.520172119
102.710067749,139.780029297,51.7078475952
-133.064880371,143.784622192,107.268066406
103.853256226,140.232299805,51.5607872009
-133.240036011,142.832794189,106.138801575
104.837409973,140.363189697,51.6017837524
-133.773117065,143.368606567,105.844200134
105.697853088,140.581161499,51.4785919189
-134.397537231,143.754959106,105.414878845
106.628257751,141.336120605,51.1520805359
-135.028289795,143.814971924,104.730934143
107.353927612,142.06463623,50.6471252441
-135.675247192,143.9478302,103.974899292
107.85496521,143.275909424,49.259677887
-135.87651062,143.943527222,102.254684448
105.295288086,145.870285034,47.6043128967
-133.773223877,143.917556763,100.964187622
100.411758423,146.762878418,47.0439414978
-131.213989258,145.006774902,100.822509766
93.5978469849,147.853042603,47.8795433044
-123.327468872,145.295425415,98.8322067261
80.842880249,148.210723877,51.6799926758
-111.795974731,145.258239746,96.0995788574
67.3623809814,152.394577026,54.7037849426
-96.5987625122,146.940673828,93.9307861328
47.0885314941,160.998794556,44.7090301514
-76.5105438232,149.691940308,93.4569625854
22.5606460571,162.993804932,37.7014083862
-53.5143737793,154.225982666,94.0681152344
-2.89609527588,164.38621521,29.7474060059
-37.9389305115,156.316970825,93.6460494995
-16.1706924438,165.318481445,22.4011154175
-34.0855102539,157.360076904,92.1389465332
-19.8358478546,165.722305298,19.8989639282
-33.939453125,157.503570557,93.6655578613
-21.6230888367,167.107177734,16.1239547729
-33.0232009888,157.305358887,95.263885498
-24.418176651,167.097335815,13.6029176712
-33.1506996155,158.118881226,95.9527130127
-25.7184314728,166.871017456,12.7172670364
-33.526424408,158.974349976,96.1603927612
-26.2748603821,167.039047241,12.7239284515
-33.6932182312,159.636077881,96.2046585083
-26.6498413086,167.19859314,12.7763338089
-33.2672119141,159.792785645,96.608757019
-26.8840694427,167.395202637,12.8585233688
-32.7660140991,159.468338013,96.8436203003
-27.1472358704,167.495391846,12.8383598328
-32.2836494446,159.304962158,96.9700927734
-27.603729248,167.738204956,12.5534343719
-32.4010810852,159.472381592,96.8960113525
-28.1813659668,167.839447021,12.3241539001
-32.1717071533,159.961578369,96.4819869995
-28.9561023712,167.79296875,11.8413972855
-31.6665725708,160.689926147,95.8222732544
-29.6695899963,167.481063843,11.4102125168
-31.2408161163,160.750976562,95.7240371704
-30.6085414886,167.453414917,11.0068435669
-31.0004558563,160.901245117,95.5366287231
-31.2960643768,167.654266357,10.3508367538
-30.9403457642,160.858901978,95.5344085693
-31.4867362976,167.652420044,10.2119922638
-30.9113636017,161.00479126,95.6591567993
-31.5067043304,167.672241211,10.198343277
-30.8825492859,161.149841309,95.7831954956
-31.425485611,167.498382568,10.4413032532
-29.7948360443,159.932296753,96.0701599121
-31.4185657501,167.097366333,10.6864690781
-29.5704097748,159.505325317,96.3499679565
-31.3656406403,166.562026978,11.0409040451
-29.0955238342,157.670028687,96.424697876
-31.2904491425,165.706497192,11.3783092499
-28.9227390289,156.408676147,96.4704666138
-31.1454868317,164.62928772,11.5532751083
-28.9690036774,156.536010742,96.8606643677
-31.1519470215,163.699966431,11.516702652
-29.0834388733,156.682846069,97.1664199829
-31.1924915314,162.891082764,11.5077104568
-29.1494102478,156.549957275,97.7210769653
-31.2705974579,162.017608643,11.5051412582
-29.2047977448,156.438400269,98.1867370605
-31.3318119049,161.531707764,11.560084343
-29.2264671326,156.394744873,98.368927002
-31.4054203033,160.947418213,11.6261529922
-29.2551822662,156.336914062,98.6103591919
-31.4091911316,160.528045654,11.6896944046
-29.2910518646,156.271102905,98.7638092041
-31.4122753143,160.185150146,11.741648674
-29.3245429993,156.209655762,98.9071044922
-31.4146022797,159.926269531,11.7808742523
-29.3530826569,156.157287598,99.0292053223
-31.3948249817,159.781341553,11.7878885269
-29.4565677643,155.948059082,99.0389785767
-31.3075714111,159.643173218,11.8101644516
-29.5426006317,155.774108887,99.0470962524
-31.222410202,159.541534424,11.8156919479
-29.6095314026,155.638778687,99.0534133911
-31.0854969025,159.460479736,11.8110084534
-30.0792808533,153.98324585,98.2442779541
-30.8748264313,159.354995728,11.8601751328
-30.4062957764,152.830749512,97.6809997559
-30.7059860229,159.28742981,11.8683700562
-30.4755191803,153.147949219,97.2351989746
-30.6184444427,159.252410889,11.8726196289
-30.5017910004,153.302490234,97.0029754639
-30.496421814,159.203582764,11.8785419464
-30.4633216858,153.488037109,96.7524414062
-30.3600578308,159.195709229,11.9341621399
-30.3762760162,153.533325195,96.6844329834
-30.1668968201,159.248718262,12.0910739899
-25.1477222443,154.120544434,97.3950119019
-29.9746818542,159.349395752,12.2150306702
-25.597240448,153.758529663,98.6407546997
-29.8195991516,159.487625122,12.2691726685
-26.1949462891,153.85067749,99.8294372559
-29.6361751556,159.746749878,12.3091630936
-26.6441688538,153.923934937,100.085693359
-29.6063423157,159.748260498,12.2433652878
-26.7488059998,153.905136108,100.034751892
-29.5602073669,159.580841064,12.0459918976
-26.9562664032,153.844909668,100.068748474
-29.5166568756,159.422805786,11.8596839905
-27.3522377014,153.698944092,100.049430847
-29.5005512238,159.364364624,11.7907810211
-27.5376548767,153.739990234,99.9877700806
-29.4825515747,159.299057007,11.7137737274
-27.592874527,153.665542603,99.9628448486
-29.470495224,159.245513916,11.6471853256
-28.0203895569,153.41619873,99.862197876
-29.3987922668,159.139083862,11.4950637817
-27.7435150146,153.307144165,98.9639434814
-29.3552646637,159.112213135,11.4557886124
-27.8302211761,153.184799194,98.8476791382
-29.1524162292,159.197525024,11.4857759476
-29.1714267731,154.230270386,98.0825958252
-28.8457221985,159.315673828,11.5775680542
-30.475774765,154.095001221,97.1321487427
-28.6547603607,159.381958008,11.6237010956
-32.2159881592,154.536117554,96.1617507935
-28.0847148895,159.446121216,12.05671978
-33.5202865601,153.749435425,94.926940918
-24.1398220062,159.899703979,12.8053979874
-36.3429985046,153.755004883,93.7801971436
-18.1707382202,160.054031372,8.08061218262
-37.6490249634,149.682067871,97.8955078125
-15.5593633652,154.899520874,4.71711730957
-34.4540901184,151.431671143,97.0483779907
-23.1110668182,150.547195435,10.9890985489
-30.8199672699,153.22644043,87.6873168945
-31.2228603363,147.864639282,13.7337884903
-28.5469741821,153.554260254,81.4293670654
-36.9247970581,143.060882568,15.5329618454
-26.2285633087,150.951004028,75.4371109009
-48.945350647,139.542572021,13.2128162384
-20.1889915466,152.00340271,69.643081665
-59.6338653564,137.023086548,16.0325241089
-11.4066896439,153.328353882,62.9577407837
-70.265335083,136.833953857,19.1657238007
-5.52572202682,152.771087646,57.5248260498
-88.1727752686,134.766815186,25.0869731903
4.06313323975,148.834838867,53.6399803162
-91.185508728,133.91468811,25.8469848633
5.59520816803,147.296020508,52.6719741821
-94.0708465576,132.506011963,27.8243808746
6.96436929703,145.242904663,51.6389389038
-96.967918396,131.061279297,29.7270317078
8.77216625214,141.086151123,50.2901535034
-104.010368347,126.311393738,37.5811347961
-106.400650024,133.063766479,74.3825531006
-109.431106567,133.975097656,89.7929458618
-108.983802795,136.446731567,93.0375289917
-108.921813965,136.565444946,93.1172332764
-108.205513,137.838623047,94.0975189209
-108.126228333,138.27166748,94.7501296997
-107.699539185,138.617324829,95.2731933594
-107.397621155,138.982406616,95.8044281006
-107.297134399,139.174850464,95.9970474243
-106.985168457,139.397476196,96.6798782349
-106.952835083,139.352401733,97.0925140381
-106.928260803,139.234649658,97.6047439575
-106.814369202,139.11618042,98.1273651123
-106.517311096,138.960586548,98.6613693237
-106.316963196,138.872268677,99.1258621216
-105.675064087,138.759140015,99.5362014771
-105.383628845,138.660888672,99.7580871582
-104.04675293,138.223892212,101.291099548
-103.120986938,137.993240356,101.697296143
-101.671020508,137.82711792,102.032341003
-100.184120178,137.758041382,102.101715088
-97.6332168579,137.233795166,102.238471985
-95.2328720093,137.219680786,102.178062439
-93.3581161499,136.907562256,102.161689758
-91.5333328247,136.877807617,102.088249207
-90.1693954468,136.760314941,101.915489197
-88.2109222412,137.152069092,101.691246033
-86.3006820679,137.382293701,101.683799744
-84.6636962891,137.773391724,101.630767822
-83.0607833862,138.115966797,101.473968506
-81.1317749023,138.602981567,101.680587769
-80.3574523926,138.804794312,101.647010803
-79.0643768311,139.275100708,101.48576355
-78.2943115234,139.666366577,101.387329102
-76.9989852905,140.11567688,101.262443542
-75.8141860962,140.673843384,101.176300049
-74.6857223511,141.196853638,101.04637146
-73.8974304199,141.388092041,100.964820862
-72.9177093506,141.705932617,100.934593201
-72.182762146,141.9659729,100.767227173
-71.4680252075,142.183013916,100.609664917
-70.6367950439,142.396179199,100.471061707
-69.9810638428,142.541244507,100.431648254
-69.5572891235,142.757644653,100.334327698
-69.2307815552,142.819717407,100.282058716
-68.9743347168,142.873626709,100.24042511
-68.7597808838,142.920898438,100.235588074
-68.5840148926,142.950363159,100.245445251
-68.4505462646,142.986114502,100.251678467
-68.3537902832,143.028015137,100.255966187
-68.2074127197,143.049255371,100.281425476
-68.123008728,143.095947266,100.297470093
-68.0596618652,143.128814697,100.329467773
-68.0046386719,143.140411377,100.360816956
-67.9534912109,143.139877319,100.400535583
-67.9022827148,143.143600464,100.514900208
-67.8701705933,143.148651123,100.640525818
-67.8346633911,143.16468811,100.7550354
-67.7978210449,143.173095703,100.841781616
-67.7356185913,143.173141479,100.968254089
-67.705947876,143.182662964,101.039810181
-67.6823654175,143.190231323,101.096679688
-67.6275634766,143.201141357,101.296791077
-67.5848083496,143.27696228,101.489753723
-67.551612854,143.347976685,101.644737244
-67.5307540894,143.347503662,101.691337585
-67.4036102295,143.351303101,101.947059631
-67.2371520996,143.300750732,102.25276947
-67.1432876587,143.301452637,102.534606934
-67.0702667236,143.277450562,102.834815979
-67.0821914673,143.334503174,103.049293518
-67.3330001831,143.519271851,103.175018311
-67.796913147,143.714385986,103.274581909
-68.6623916626,144.157989502,103.302581787
-69.8141555786,144.749664307,103.185943604
-71.7843399048,145.190429688,103.022972107
-74.8518218994,145.708587646,102.576667786
-78.3676681519,146.213516235,101.894699097
-81.4374313354,146.218154907,101.395545959
-86.2042770386,146.167938232,101.113044739
-90.9954910278,146.204559326,101.345016479
-97.2261428833,145.959609985,101.075622559
-103.873908997,145.460662842,101.49331665
-107.91569519,144.014770508,101.487510681
-114.9220047,142.528533936,102.210922241
-119.455627441,140.407608032,102.166923523
-121.748901367,138.32510376,101.101211548
-123.771331787,137.848846436,100.447303772
-124.879325867,136.345626831,99.7778930664
-129.323791504,136.877288818,100.72277832
-129.134506226,136.257629395,100.537902832
-126.546554565,134.179229736,98.9650878906
-126.69683075,133.797561646,98.7089691162
-126.44644928,133.919403076,98.8985214233
-125.652397156,134.173950195,99.0985336304
-124.74646759,135.003540039,99.581703186
-114.68157959,137.430770874,98.9865570068
-112.52192688,138.699111938,98.9139938354
-108.775032043,139.522674561,98.5476150513
-103.586791992,140.343643188,98.0651016235
-94.6604766846,141.149032593,97.0648574829
-83.7897949219,142.147232056,95.8700485229
-65.0422897339,142.752822876,95.2034072876
-54.9323234558,143.963821411,94.0128097534
-29.7897987366,152.544311523,95.6417160034
-26.4650669098,153.183349609,95.9121322632
-24.4437522888,152.018203735,94.926399231
-24.5219459534,152.091674805,94.9765701294
-24.7590503693,152.044174194,95.1619720459
-25.1203289032,153.002731323,95.1164779663
-25.1424980164,154.074920654,94.0951538086
-25.9331054688,155.267272949,93.3507919312
-26.1220245361,156.75138855,93.3254394531
-26.1469860077,157.062774658,94.1128997803
-26.1653671265,157.082305908,94.0472869873
-26.0685787201,157.235427856,94.0861282349
-26.1961650848,158.396621704,94.0586624146
-25.991979599,159.070175171,94.2991027832
-25.1883144379,158.831787109,94.1223449707
-25.1431598663,159.035415649,93.9683303833
-24.8598575592,159.066207886,93.9283981323
-24.8065395355,159.084274292,93.9147567749
-24.6358451843,159.051086426,93.8356399536
-24.467048645,159.383041382,93.8245620728
-24.0540599823,158.992431641,93.7344970703
-24.0320835114,159.085266113,93.7930297852
-23.9751930237,159.087646484,93.7970199585
-23.9872951508,159.125869751,93.8315353394
-23.9041118622,159.132965088,93.8860931396
-23.5915966034,158.744293213,93.880859375
-23.2759933472,157.767379761,93.892364502
-23.0851459503,157.176620483,93.8993225098
-23.1002407074,157.194519043,93.9024353027
-23.1326198578,157.232925415,93.9091033936
-23.4642276764,157.087921143,93.977355957
-23.3910675049,156.90675354,93.9401016235
-23.3270454407,156.748199463,93.9074935913
-23.3044643402,156.636886597,93.8862991333
-23.5459384918,157.140380859,93.8985290527
-23.7239551544,157.048416138,93.6667861938
-23.6281661987,156.564361572,93.6351623535
-23.5595798492,156.191314697,93.628112793
-23.4336013794,155.84967041,93.6820831299
-23.3359851837,155.58493042,93.7238998413
-23.3922176361,155.511627197,93.6785430908
-23.5543117523,155.370559692,93.6256408691
-23.6619758606,155.276870728,93.5905075073
-23.4929218292,154.739517212,93.5740585327
-23.3184051514,154.428283691,93.5171127319
-23.3768730164,154.248931885,93.4551925659
-23.7767372131,154.011383057,93.3929367065
-24.0273857117,153.860519409,93.2169494629
-24.2921276093,153.612136841,92.8589324951
-24.3689975739,153.549087524,92.7436141968
-24.5740184784,153.27645874,92.2358093262
-25.1256580353,152.921539307,91.9736938477
-25.3781929016,152.759063721,91.8536987305
-25.5797290802,152.629394531,91.7579421997
-25.72747612,152.534332275,91.6877365112
-25.8378314972,152.46333313,91.6352996826
-25.9398117065,152.397720337,91.5868453979
-25.9510784149,152.148330688,91.7989730835
-25.4962882996,150.589538574,91.6297073364
-25.4958724976,149.845596313,91.4447555542
-25.4956550598,149.452072144,91.3469238281
-25.9102191925,148.891204834,91.0460891724
-26.2005310059,148.525436401,90.7998580933
-26.3659343719,148.456222534,90.4001159668
-26.4870452881,148.410949707,90.1883163452
-26.6163749695,148.329299927,90.0641021729
-26.6745243073,148.335144043,90.0084686279
-26.8561191559,148.832885742,90.0630722046
-27.0033378601,149.011627197,90.1653442383
-27.9598941803,151.113418579,91.537147522
-28.4241123199,151.524810791,91.7237625122
-28.5173454285,151.624298096,91.8055267334
-28.7195243835,152.441070557,92.416267395
-28.9287433624,152.388153076,92.4432525635
-30.072725296,152.784011841,93.2304763794
-28.9416542053,153.925430298,92.6446304321
-28.9775123596,153.910583496,92.5942230225
-37.5598754883,153.86505127,89.6462097168
-42.3239212036,155.157012939,90.3239822388
-48.3089408875,155.327636719,91.0223083496
-55.0074539185,154.302810669,91.6374969482
-62.4958305359,152.225158691,92.384552002
-69.6351242065,150.408493042,92.9144668579
-78.8399581909,147.408126831,93.7440872192
-96.0116577148,142.968185425,96.0129013062
-101.825660706,139.616317749,96.2752609253
-107.943107605,137.056289673,97.2462463379
-113.717323303,135.250442505,98.39868927
-119.406318665,133.400497437,99.2453689575
-128.603240967,131.947570801,100.713737488
-131.566177368,131.670562744,101.516441345
-131.57321167,131.671356201,101.510787964
-131.918228149,132.249252319,101.548629761
-130.805450439,132.700836182,100.889984131
-128.097213745,133.38494873,99.5655899048
-123.13658905,134.648635864,98.261428833
-116.544296265,135.49508667,96.127281189
-111.248176575,137.299453735,94.9417419434
-99.0573883057,141.032165527,93.0573196411
-92.2471847534,143.575302124,92.8578262329
-83.1030197144,145.747406006,92.5910873413
-71.8494873047,147.686035156,91.7459945679
-60.0064239502,147.419586182,89.2888412476
-20.6113739014,156.85244751,93.4729690552
-17.4515743256,156.725296021,94.118812561
-16.929889679,156.675949097,94.2970809937
-16.9699611664,157.064117432,94.1700057983
-17.0508441925,157.698776245,93.6384735107
-17.4101715088,158.318634033,93.1420135498
-17.3341846466,158.535293579,92.9969482422
-17.3205375671,158.604522705,93.0129394531
-17.6073055267,159.380447388,94.4177703857
-17.735206604,159.726516724,95.0443344116
-17.8454399109,160.024780273,95.5843429565
-17.8709583282,160.764221191,95.2212371826
-17.8899860382,161.315628052,94.9504699707
-18.1229248047,162.143920898,94.3058013916
-18.2946662903,162.916534424,93.625617981
-18.2906856537,163.263870239,93.4129486084
-18.3093948364,163.465652466,93.3881530762
-18.5716667175,163.590133667,93.1706771851
-18.6374549866,163.634780884,93.0936355591
-18.8907604218,163.770553589,93.0560150146
-19.1726150513,163.856369019,92.9707260132
-19.4350357056,163.924972534,92.7499084473
-19.745595932,163.92376709,92.5912857056
-20.0599975586,163.770294189,92.455368042
-20.0197067261,163.382904053,92.3424530029
-20.1457500458,163.103668213,92.2469406128
-20.2278881073,162.891998291,92.0533599854
-20.3086032867,162.500411987,92.0401153564
-20.35663414,162.578048706,92.1128463745
-20.5421848297,162.666976929,92.1741638184
-20.6970882416,162.741226196,92.2253570557
-21.6982059479,163.016082764,92.1936187744
-22.4299049377,163.216964722,92.1704177856
-22.8947238922,163.344589233,92.1556854248
-23.1140651703,163.404800415,92.148727417
-23.2946128845,163.454376221,92.1430053711
-23.442199707,163.494888306,92.1383209229
-23.5507068634,163.524688721,92.1348800659
-23.6387329102,163.548858643,92.1320953369
-23.7113952637,163.56880188,92.1297912598
-23.7850074768,163.589019775,92.127456665
-23.8355121613,163.379440308,92.2938613892
-23.7026443481,163.282150269,92.3769073486
-23.5485610962,163.169326782,92.4732131958
-23.4982051849,163.11026001,92.5344619751
-23.155002594,163.287063599,93.1190185547
-22.9150924683,163.410644531,93.5276412964
-22.7316665649,163.505142212,93.8400497437
-22.8112640381,163.519454956,93.9215164185
-22.901014328,163.535583496,94.0133743286
-22.9755897522,163.548980713,94.0897064209
-23.0541095734,163.563095093,94.1700668335
-22.7118740082,165.752212524,95.6244049072
-23.6987686157,165.721435547,96.4144515991
-24.3707962036,164.14364624,97.6654586792
-26.0099124908,162.806045532,98.4836349487
-26.5269889832,162.325622559,98.7182388306
-25.6976165771,157.893249512,97.1283569336
-25.47706604,157.470779419,95.8374633789
-26.486579895,157.620834351,95.7030715942
-30.0902252197,157.820983887,97.3036880493
-34.8723869324,157.497711182,100.374061584
-40.2781524658,156.204833984,103.128982544
-45.5667572021,154.152664185,105.322547913
-51.2281761169,151.699020386,106.962295532
-57.3096504211,149.41847229,108.811851501
-63.8591041565,146.558242798,110.57208252
-69.3277511597,144.762878418,111.731056213
-80.3933105469,140.5362854,115.056663513
-85.05834198,139.016693115,116.664657593
-89.5113677979,137.330764771,118.283744812
-93.5485229492,136.40473938,119.398826599
-99.7478790283,135.67678833,123.422386169
-102.563423157,135.901443481,125.392189026
-105.568733215,135.451583862,126.762489319
-107.657646179,135.296936035,127.713294983
-110.991630554,136.127578735,128.961380005
-111.129806519,136.133102417,129.250854492
-111.332168579,136.318649292,129.977676392
-111.553337097,136.806900024,131.443008423
-112.558906555,137.529144287,133.135940552
-112.655212402,138.5650177,135.617446899
-113.540725708,139.801177979,139.010375977
-113.703346252,141.885864258,143.272720337
-113.564041138,142.880645752,145.641082764
-112.434616089,144.146560669,150.750946045
-113.156219482,145.764450073,155.986923218
-112.618125916,146.452087402,158.811019897
-112.051635742,147.108779907,162.424087524
-111.559837341,147.086273193,165.84463501
-111.023506165,148.661331177,170.652267456
-110.408714294,147.951339722,173.318206787
-109.538253784,146.625686646,176.471542358
-108.334663391,144.820709229,182.250076294
-107.771438599,144.494018555,184.330535889
-108.082237244,144.835403442,187.796081543
-107.908058167,143.562789917,192.155731201
-108.512382507,141.590927124,198.751235962
-101.812812805,141.55657959,198.846008301
-99.3962097168,143.162506104,198.103469849
-99.7534179688,140.412414551,200.663330078
-101.338119507,138.256118774,204.157196045
-102.592903137,136.356170654,209.268615723
-103.18977356,136.584320068,211.574707031
-105.600799561,136.353561401,213.477203369
-105.851959229,134.850906372,214.751342773
-105.798416138,134.641967773,215.091110229
-105.056121826,136.094329834,215.940155029
-104.952896118,136.629058838,215.80809021
-104.210159302,136.743011475,215.715255737
-103.231918335,137.39730835,215.843566895
-102.67514801,139.073883057,215.335891724
-101.606254578,139.657836914,215.077346802
-100.588546753,140.054519653,214.24382019
-100.583343506,144.323272705,212.834365845
-99.1932296753,144.067153931,212.0675354
-97.3669891357,143.420074463,211.631088257
-93.2168502808,139.530212402,207.374710083
-91.8014373779,140.345306396,203.239196777
-91.7968902588,141.025970459,201.097259521
-91.4566802979,141.690841675,198.406173706
-91.0779418945,142.951934814,195.49319458
-90.3206558228,144.242660522,192.185699463
-89.7947616577,144.427719116,190.425613403
-88.5156402588,145.562454224,184.844070435
-87.8106689453,145.598526001,181.916595459
-87.1167526245,145.61946106,178.928009033
-86.9391479492,146.082366943,175.602462769
-86.2809677124,146.304580688,173.60307312
-85.7510223389,147.003494263,170.741348267
-85.2551116943,147.258178711,168.200973511
-83.6917572021,146.661254883,162.540420532
-83.1092300415,146.719589233,160.410568237
-82.8687667847,147.40737915,157.541488647
-82.4958190918,147.898681641,155.068740845
-81.5775146484,147.840805054,152.55480957
-80.6329650879,147.707443237,150.206329346
-80.189666748,147.990036011,148.428512573
-80.3338317871,149.197341919,146.081893921
-79.9922943115,149.448471069,144.41569519
-78.7224884033,149.787521362,141.264785767
-78.2618713379,150.104370117,139.663787842
-77.4023361206,150.159591675,137.839447021
-76.7964553833,150.591461182,135.81137085
-76.1594238281,150.927810669,134.272689819
-43.4581680298,128.591537476,112.262512207
-50.7252922058,138.282394409,109.614967346
-66.0961990356,150.356567383,112.5207901
-68.4199142456,152.663284302,114.3412323
-69.3601455688,153.018493652,115.190864563
-69.6312637329,153.159301758,115.512832642
-69.7696533203,153.231170654,115.677185059
-69.8706665039,153.28503418,115.809806824
-69.7796401978,153.529754639,115.914535522
-69.8091964722,153.535263062,116.029922485
-69.8545684814,153.509857178,116.184303284
-72.3279037476,158.59286499,126.022193909
-74.3675918579,161.453308105,129.259277344
-75.1328201294,161.917694092,130.83442688
-75.3452911377,161.768722534,132.829345703
-75.0818405151,161.671417236,135.198822021
-74.2251358032,161.141647339,138.364242554
-72.179359436,160.930740356,144.797744751
-67.493888855,160.917434692,160.794235229
-64.6528396606,160.123260498,169.449752808
-57.9633560181,156.977264404,178.068267822
-55.559261322,155.451889038,183.692367554
-52.2779312134,160.013504028,185.235076904
-83.6474304199,176.496612549,102.872543335
-83.6390380859,176.433563232,102.88343811
-83.6166305542,176.37059021,102.905441284
-83.6017608643,176.313308716,102.924827576
-83.6015472412,176.295166016,102.937156677
-83.6055297852,176.294784546,102.943305969
-83.6099700928,176.294342041,102.950141907
-83.6125717163,176.294021606,102.953102112
-83.6363296509,176.342132568,102.939086914
-83.6455154419,176.398605347,102.920188904
-83.6522064209,176.418243408,102.918037415
-83.6530380249,176.426071167,102.921569824
-83.6626968384,176.435028076,102.921089172
-83.6708908081,176.439376831,102.919708252
-83.6784667969,176.445480347,102.910247803
-83.6839523315,176.438980103,102.908065796
-83.6830215454,176.427185059,102.891334534
-83.6913986206,176.402328491,102.863128662
-83.7061920166,176.356964111,102.831069946
-83.7062683105,176.32723999,102.797241211
-83.7085800171,176.290664673,102.758079529
-83.7126922607,176.244934082,102.712020874
-83.7164077759,176.203475952,102.670272827
-83.7191009521,176.173461914,102.640052795
-83.7217025757,176.142364502,102.608947754
-83.7238235474,176.126266479,102.589584351
-83.7242660522,176.12663269,102.575942993
-83.7323074341,176.117019653,102.566009521
-83.7357406616,176.112686157,102.564491272
-83.7387161255,176.109161377,102.570205688
-83.7335128784,176.098205566,102.623344421
-83.7429656982,176.069961548,102.697891235
-83.7372360229,176.047393799,102.807228088
-83.7520446777,176.02684021,102.897773743
-83.7401733398,176.032394409,102.962944031
-83.7324676514,175.976287842,103.075820923
-83.773223877,175.913192749,103.187698364
-83.7667312622,175.908782959,103.198577881
-83.7185516357,175.866760254,103.267990112
-83.7156143188,175.85710144,103.275299072
-83.7169342041,175.85647583,103.274490356
-83.7209625244,175.854721069,103.273620605
-83.7257080078,175.855773926,103.271614075
-83.7273788452,175.857574463,103.271118164
-83.7200469971,175.899551392,103.257240295
-83.7155227661,175.910018921,103.259712219
-83.7083053589,175.912399292,103.274200439
-83.71043396,175.905654907,103.295806885
-83.7066802979,175.879119873,103.343345642
-83.6739349365,175.779159546,103.424377441
-83.6765365601,175.726226807,103.455986023
-83.6497497559,175.67250061,103.489318848
-83.6305084229,175.652755737,103.497039795
-83.6280517578,175.649688721,103.496490479
-83.6143264771,175.643554688,103.488494873
-83.5894470215,175.638626099,103.459251404
-83.5787200928,175.639587402,103.42880249
-83.5573577881,175.618759155,103.355728149
-83.5308380127,175.584838867,103.320823669
-83.5126724243,175.54788208,103.267242432
-83.5101089478,175.524841309,103.215812683
-83.5054779053,175.529495239,103.172637939
-83.4870605469,175.551834106,103.139808655
-83.4616088867,175.580062866,103.104782104
-83.4238815308,175.596191406,103.059036255
-83.3190994263,175.631011963,102.973373413
-83.2638320923,175.635940552,102.962028503
-83.1432418823,175.667602539,102.932525635
-83.0129165649,175.70085144,102.90625
-82.8711395264,175.740158081,102.907211304
-82.6807098389,175.791061401,102.919410706
-82.4889678955,175.8331604,102.939842224
-82.2315216064,175.900466919,102.995895386
-82.0616073608,175.919326782,103.027153015
-81.809135437,175.920135498,103.135192871
-81.6561126709,175.900588989,103.168556213
-81.3387069702,175.829208374,103.241767883
-81.0750274658,175.809860229,103.308860779
-80.6050033569,175.495834351,103.473838806
-80.1303329468,175.234848022,103.637069702
-79.7435302734,175.009262085,103.760871887
-79.3919525146,174.938491821,103.782196045
-79.0578613281,174.913543701,103.814704895
-78.8053207397,174.927719116,103.835456848
-78.6062774658,175.02456665,103.837112427
-78.2140960693,175.343048096,103.799072266
-77.8022460938,175.736251831,103.751167297
-77.4732284546,176.062347412,103.713157654
-77.1506195068,176.413131714,103.626159668
-76.7253494263,177.118682861,103.472335815
-76.2045135498,177.894134521,103.265441895
-75.9620819092,178.281600952,103.087692261
-75.4135360718,178.024291992,103.004219055
-75.2098388672,177.968109131,102.957954407
-74.9534225464,177.906768799,102.818588257
-74.4686660767,177.3724823,102.801094055
-74.070350647,177.087432861,102.712059021
-73.7881622314,176.919052124,102.660194397
-73.5579147339,176.762573242,102.567817688
-73.065826416,176.373092651,102.549613953
-73.0143203735,176.388504028,102.504928589
-72.5244827271,176.326019287,102.326690674
-72.2959747314,176.482940674,102.096878052
-72.0629196167,176.669570923,101.973114014
-71.7529907227,176.449447632,101.989479065
-71.4980697632,176.236190796,102.016532898
-71.3160858154,176.210922241,102.001274109
-71.1396102905,176.214294434,102.007881165
-71.0005569458,176.231948853,101.997993469
-70.8090209961,176.279312134,101.996879578
-70.6073455811,176.323150635,101.988395691
-70.410949707,176.382797241,101.93636322
-70.2230377197,176.468307495,101.882637024
-69.9949951172,176.491378784,101.833106995
-69.7817153931,176.326034546,101.858406067
-69.5109100342,176.11630249,101.895095825
-69.3061904907,175.533905029,101.92035675
-69.0903320312,174.870269775,101.932563782
-69.0144195557,174.662628174,101.824325562
-68.9427032471,174.600662231,101.745452881
-68.7738265991,174.681930542,101.497215271
-68.6120300293,174.733078003,101.31362915
-68.51197052,174.887405396,100.976104736
-68.3589324951,175.048492432,100.684959412
-68.2148895264,175.203613281,100.504081726
-68.0220031738,175.136260986,100.372566223
-67.883140564,175.105911255,100.301132202
-67.7244415283,175.101776123,100.095848083
-67.5943756104,175.098388672,99.9275970459
-67.4998855591,175.098602295,99.8048553467
-67.3162689209,175.12638855,99.6564483643
-67.1164016724,175.15574646,99.5082550049
-66.974647522,175.177871704,99.4301071167
-66.4907073975,175.304718018,99.5883178711
-66.3446960449,175.349380493,99.6567840576
-66.0745391846,175.399520874,99.6673812866
-65.7665328979,175.500717163,99.9165039062
-65.4904708862,175.833892822,100.257255554
-65.1322174072,176.147201538,100.654449463
-64.8774490356,176.37210083,100.982780457
-64.62059021,176.569610596,101.326026917
-64.4219436646,176.764328003,101.549003601
-64.0693817139,177.43132019,101.967819214
-63.8204116821,177.888442993,102.244987488
-63.4905204773,178.235244751,102.62449646
-63.2743530273,178.4009552,102.81880188
-63.0871810913,178.540054321,102.97127533
-62.9369316101,178.620788574,103.100952148
-62.6786956787,178.810379028,103.261657715
-62.4191741943,178.967666626,103.451812744
-62.1814575195,179.140380859,103.567619324
-61.8720207214,179.448272705,103.595558167
-61.4836845398,180.184890747,103.755378723
-61.1893730164,180.989364624,103.990058899
-60.9934234619,181.271224976,104.175514221
-60.8558273315,181.174713135,104.770370483
-60.6307754517,181.123184204,105.685966492
-61.0364532471,179.731063843,107.233406067
-60.967880249,179.592803955,108.70740509
-61.1059684753,179.383789062,109.704994202
-60.3272895813,180.963272095,110.353294373
-60.2675590515,180.94078064,110.68737793
-60.2511863708,180.942672729,110.729011536
-60.1613082886,180.486602783,111.040634155
-60.1264533997,180.113891602,111.331039429
-60.0954475403,179.978179932,111.5051651
-60.1552581787,179.925964355,111.573974609
-59.9391860962,179.462097168,112.13860321
-59.7105484009,178.857788086,113.048126221
-59.5709724426,178.119812012,113.878417969
-59.2969512939,177.816101074,114.370170593
-59.0776519775,177.627044678,114.640510559
-58.2485466003,179.146697998,114.331184387
-57.9073066711,180.10093689,113.948791504
-57.6871414185,180.69317627,113.703010559
-57.8039207458,180.976455688,113.536445618
-58.1055145264,181.461196899,113.280105591
-58.4978981018,181.036849976,113.300247192
-58.5729637146,181.018493652,113.215507507
-58.5716323853,181.116317749,113.211120605
-58.581993103,181.478256226,113.081016541
-57.401802063,182.924758911,112.879455566
-57.039478302,183.14553833,112.530784607
-56.4682579041,183.350585938,112.334609985
-56.1493339539,183.401489258,112.132629395
-55.8720207214,183.463943481,111.85610199
-55.5776329041,183.595443726,111.679931641
-55.4628410339,183.639022827,111.661903381
-55.5739936829,184.293884277,111.904319763
-55.2436714172,184.752288818,111.630592346
-54.9445266724,184.918869019,111.413993835
-54.4844169617,184.722427368,110.620376587
-54.0983810425,183.823043823,109.763786316
-53.8061828613,182.624023438,109.018783569
-53.5624694824,182.21446228,108.651054382
-53.4375724792,182.041381836,108.482147217
-53.2899894714,181.868392944,108.248573303
-53.2270965576,181.791427612,108.161010742
-53.3328590393,181.413757324,108.203407288
-53.3531990051,181.105422974,108.267791748
-53.7187995911,180.606155396,108.72946167
-54.2783966064,180.012207031,109.351844788
-54.6714324951,179.525299072,109.767456055
-54.79920578,179.367233276,109.952178955
-54.9084129333,179.31098938,110.105575562
-54.9902267456,179.263641357,110.268844604
-55.0187187195,179.252044678,110.322967529
-55.0973167419,179.188339233,110.512207031
-55.2004623413,178.95451355,110.725288391
-55.1992950439,178.924087524,110.893112183
-55.026889801,179.151748657,110.949531555
-54.9400749207,179.336837769,110.93788147
-54.9072685242,179.442382812,110.939659119
-54.8885726929,179.443862915,110.93245697
-54.870388031,179.364929199,110.969024658
-54.6944465637,179.262771606,110.910964966
-54.5244522095,179.137695312,110.870391846
-54.3397636414,179.19342041,110.761505127
-52.7622528076,179.045928955,109.317008972
-51.9507408142,178.894393921,108.490104675
-52.1465492249,178.581237793,109.069892883
-52.7604026794,178.421432495,109.993003845
-52.8831100464,178.275466919,110.44254303
-52.6305427551,178.379241943,110.472640991
-52.3427619934,178.430053711,110.504981995
-51.8743095398,178.511474609,110.605445862
-51.9652709961,178.317810059,110.607017517
-51.6436500549,178.261032104,110.684463501
-51.3682632446,178.24887085,110.790603638
-51.0949707031,178.24357605,110.905685425
-50.9580612183,178.078155518,110.958190918
-50.9541931152,178.086029053,110.928031921
-50.8491477966,177.945114136,110.951339722
-50.4537315369,177.902359009,111.036361694
-50.4551506042,177.897583008,111.03969574
-50.4481925964,177.891952515,111.044265747
-50.4425888062,177.869491577,111.063842773
-50.253326416,177.892562866,111.12122345
-50.032169342,177.956253052,111.218154907
-49.9988327026,178.076461792,111.220825195
-49.936378479,178.257873535,111.234611511
-49.981678009,178.204742432,111.223503113
-50.0584449768,178.195983887,111.164764404
-50.0792007446,178.160263062,111.168037415
-50.106086731,178.111328125,111.164024353
-50.1006393433,178.00567627,111.223693848
-50.0989570618,177.953170776,111.288162231
-50.5053138733,177.681991577,111.327178955
-50.9249763489,177.672332764,111.352737427
-51.1926841736,177.684020996,111.358581543
-51.5125274658,177.643676758,111.355110168
-51.8899879456,177.63822937,111.358772278
-52.2352752686,177.4584198,111.274055481
-52.5075263977,176.56451416,111.309875488
-52.5875892639,176.227630615,111.29486084
-52.7433319092,175.576477051,111.384178162
-52.8611297607,175.100891113,111.481513977
-52.8542861938,175.121124268,111.4920578
-52.8453712463,175.159912109,111.501716614
-52.7994804382,175.257278442,111.523880005
-52.7507400513,175.408401489,111.53604126
-52.6730308533,175.51991272,111.522262573
-52.490562439,175.600158691,111.549034119
-52.3905944824,175.695861816,111.576622009
-52.3768806458,175.703781128,111.579322815
-52.3175582886,175.744354248,111.592079163
-52.2701873779,175.736190796,111.596321106
-52.1217575073,175.681518555,111.584571838
-52.062953949,175.711898804,111.513771057
-51.7867050171,175.696090698,111.222015381
-51.6018486023,175.563842773,110.999160767
-51.4371833801,175.316894531,110.776412964
-51.2300682068,175.149154663,110.580169678
-50.9998474121,174.863082886,110.415527344
-50.8086662292,174.542022705,110.209632874
-50.6476020813,174.276245117,110.056442261
-50.4332847595,174.029342651,109.923660278
-50.271194458,173.909973145,109.820838928
-50.1431159973,173.806060791,109.755149841
-50.017162323,173.789932251,109.717079163
-49.7743186951,173.50163269,109.702659607
-48.9670143127,172.644470215,109.604484558
-48.1049575806,171.189849854,108.960899353
-47.2174606323,170.042297363,108.635513306
-46.8046913147,169.586730957,108.537788391
-46.7496452332,169.508071899,108.675491333
-46.7328071594,169.443237305,108.981399536
-46.4344367981,169.31137085,109.62537384
-46.5296173096,169.042861938,110.240570068
-46.5008583069,168.95350647,110.746109009
-46.5014839172,168.874816895,110.955970764
-46.3951950073,168.607894897,111.416053772
-46.3245162964,168.307312012,111.724243164
-46.1961288452,168.10269165,111.968734741
-46.0330696106,167.920013428,112.13621521
-45.7707252502,167.628555298,112.394897461
-45.4255256653,167.301864624,112.687904358
-45.3852615356,167.282730103,112.712493896
-44.9947853088,167.019897461,112.951332092
-44.6122894287,166.88722229,113.091514587
-44.2066040039,166.733810425,113.261024475
-43.8206443787,166.658950806,113.523933411
-43.5759925842,166.530014038,113.810089111
-43.2197494507,166.010559082,114.044319153
-42.8688964844,165.662750244,114.386222839
-42.8154182434,165.600021362,114.430770874
-42.4844818115,165.178115845,114.565040588
-42.3102989197,164.996170044,114.744041443
-42.1261863708,165.035568237,114.682403564
-41.6564903259,164.911300659,114.496047974
-41.2466278076,165.07170105,114.365516663
-40.9577140808,165.125106812,114.294456482
-40.6533241272,165.09916687,114.225570679
-40.1304130554,164.877914429,114.349525452
-39.805557251,164.623550415,114.450363159
-39.3766517639,164.355682373,114.663314819
-39.1414985657,164.278915405,114.732284546
-39.0390968323,164.230621338,114.72618866
-38.8563156128,163.762954712,114.756629944
-38.4542045593,163.564788818,114.797996521
-38.2045097351,163.436752319,114.962661743
-38.0359954834,163.424468994,115.069038391
-37.4871711731,162.881332397,115.310943604
-37.3526802063,162.503311157,115.468826294
-37.1153907776,162.319961548,115.686164856
-37.1098442078,161.903198242,115.982162476
-37.0133628845,161.491500854,116.251998901
-36.8610954285,160.986190796,116.359512329
-35.8561897278,158.699310303,116.202568054
-35.0227737427,157.415084839,116.283599854
-34.3291358948,157.110900879,116.351013184
-34.10754776,157.088012695,116.361930847
-33.502822876,157.025558472,116.391716003
-33.1966400146,156.993942261,116.406799316
-32.7768096924,157.054718018,116.388771057
-32.0929336548,157.198867798,116.441642761
-31.2191047668,157.611114502,116.63041687
-30.8230476379,157.93699646,116.869728088
-30.7420444489,158.361968994,117.140434265
-30.6909446716,158.18132019,117.338241577
-30.8138828278,158.108764648,117.924446106
-30.7335834503,157.901535034,117.919700623
-30.6690769196,157.735061646,117.915893555
-31.5947532654,158.622238159,120.597488403
-30.9386768341,158.937347412,124.203094482
-29.8367843628,159.732711792,125.044868469
-29.4313087463,158.504501343,124.241218567
-29.3414535522,157.662216187,124.705467224
-29.2837963104,157.062286377,125.163421631
-29.2591686249,157.094192505,125.341674805
-28.9588165283,157.361434937,125.605484009
-28.8101577759,157.36227417,125.686210632
-28.4379558563,157.286834717,125.719390869
-27.8463439941,156.744354248,125.708953857
-27.6960887909,156.812835693,125.599784851
-27.1406364441,156.531188965,125.334579468
-27.1421375275,156.484786987,125.318199158
-27.0962314606,156.427536011,125.338829041
-26.8526687622,155.514724731,125.658988953
-26.6375179291,155.256393433,125.931938171
-26.6674880981,155.058761597,126.058006287
-26.5408668518,154.972625732,126.298881531
-26.5259075165,155.000656128,126.303939819
-26.4426307678,155.21270752,126.40158844
-26.3836269379,155.745040894,126.822151184
-26.4857463837,156.099029541,127.107292175
-26.0980072021,157.860168457,126.309394836
-25.5020465851,159.466918945,125.970436096
-25.2088909149,160.108795166,125.800613403
-24.742559433,160.338562012,125.87878418
-24.3848495483,160.449737549,126.004173279
-23.5020294189,163.521377563,123.279586792
-23.4166164398,164.52456665,121.902107239
-22.9119491577,165.185058594,121.322387695
-22.7545070648,165.479187012,120.823120117
-22.5241298676,165.655471802,120.544944763
-22.4151706696,165.739501953,120.258247375
46.6757316589,203.372695923,92.1164016724
41.0224151611,202.437423706,86.0447311401
36.1329421997,199.677612305,84.1864852905
32.6940956116,198.167541504,83.7232437134
31.7276382446,197.996063232,83.2467803955
31.6676673889,198.196411133,82.9679946899
29.5887889862,197.742111206,82.9535446167
31.1610355377,199.272842407,83.5169754028
30.9903907776,199.660614014,83.8140792847
31.3270149231,200.268661499,83.713142395
28.1617851257,193.785934448,84.339302063
27.8203029633,188.848175049,80.9909820557
27.6819267273,188.076126099,80.3667297363
27.8580303192,187.200317383,79.725982666
28.1702804565,186.642715454,79.1229476929
28.1725635529,186.444488525,78.8281021118
28.1433506012,186.38130188,78.5162277222
-86.4119338989,165.943130493,121.494697571
-85.949836731,164.296600342,118.077087402
-85.7733154297,164.039047241,117.226112366
-85.5064849854,163.994979858,115.999595642
-85.2796783447,164.236801147,115.041267395
-85.0842285156,164.429733276,114.329109192
-84.7127380371,164.781387329,113.321769714
-84.6445007324,165.451461792,112.573883057
-84.3991928101,166.003509521,111.88483429
-84.3211135864,166.319671631,111.443771362
-84.3087310791,166.888748169,111.244384766
-84.2366485596,167.458892822,110.96219635
-84.2041397095,167.627151489,110.865882874
-84.0113525391,167.972244263,110.6823349
-83.7898635864,168.193237305,110.599746704
-83.642868042,168.377258301,110.519691467
-83.4899978638,168.585205078,110.412216187
-83.5282516479,168.928924561,110.455917358
-83.5188446045,169.195266724,110.457679749
-83.5041732788,169.343490601,110.461860657
-83.4847106934,169.390884399,110.456565857
-83.4440155029,169.455230713,110.414382935
-83.4099578857,169.497451782,110.368202209
-83.3745117188,169.518951416,110.31161499
-83.3112945557,169.449996948,110.16734314
-83.218460083,169.337020874,109.984649658
-83.0911254883,169.163299561,109.743408203
-82.9644088745,168.960784912,109.453636169
-82.8858337402,168.854141235,109.15549469
-82.8119735718,168.848632812,108.869407654
-82.754196167,168.828674316,108.647575378
-82.7398910522,168.846817017,108.618171692
-82.6959457397,168.852310181,108.567649841
-82.6708984375,168.870834351,108.532562256
-82.5453567505,168.925140381,108.545501709
-82.5229644775,168.961349487,108.552116394
-82.4501419067,168.961074829,108.423881531
-82.2833328247,168.9165802,108.400428772
-82.1067428589,168.833953857,108.27596283
-81.9429931641,168.761764526,108.260520935
-81.8005523682,168.724349976,108.257949829
-81.6512374878,168.703811646,108.290657043
-81.560760498,168.685165405,108.399032593
-81.5167694092,168.775512695,108.456100464
-81.4430007935,168.85055542,108.484283447
-81.3706970215,168.904647827,108.591743469
-81.2880935669,168.928543091,108.679244995
-81.068862915,168.895751953,108.893005371
-80.4755325317,168.456069946,108.912666321
-79.9343948364,168.031600952,108.833404541
-79.3904647827,167.669921875,108.71546936
-79.1683044434,167.76713562,108.727546692
-78.9148406982,167.618225098,108.657341003
-78.7420959473,167.603988647,108.661369324
-78.5380020142,167.418838501,108.644630432
-78.384437561,167.423309326,108.718765259
-77.9636459351,167.224304199,108.647117615
-77.8240509033,167.283782959,108.656463623
-77.5868148804,167.381820679,108.787132263
-77.4019851685,167.444152832,108.909660339
-77.1777877808,167.519226074,109.051567078
-77.0423583984,167.573272705,109.152915955
-77.0386428833,167.846740723,109.249282837
-77.2407989502,168.625152588,109.661087036
-77.3410186768,169.357650757,110.000801086
-77.4570465088,169.90788269,110.208976746
-77.5803070068,170.374282837,110.27154541
-77.6574630737,170.605194092,110.264984131
-77.7509307861,170.758529663,110.355064392
-77.8686676025,170.982391357,110.460021973
-77.8342285156,171.076293945,110.585418701
-77.764213562,171.202758789,110.656608582
-77.603477478,171.291992188,110.837036133
-77.5330276489,171.282836914,110.912658691
-77.4339675903,171.290908813,110.944702148
-77.3126449585,171.289230347,110.964614868
-77.1895141602,171.336776733,110.952194214
-76.8850631714,171.46395874,110.94291687
-76.546295166,171.736663818,110.944519043
-76.2212677002,172.039886475,110.936485291
-75.7433853149,172.23487854,111.097648621
-75.3368225098,172.440582275,111.204589844
-74.9067001343,172.891174316,111.308929443
-74.7555847168,173.132781982,111.410491943
-74.5016708374,173.209091187,111.539978027
-74.2627105713,173.338150024,111.683280945
-73.9419021606,173.504806519,111.386749268
-73.6719360352,173.731994629,111.106582642
-73.142074585,173.974151611,110.706382751
-72.6853866577,174.004425049,110.483100891
-72.078704834,174.389022827,110.275924683
-71.7059860229,174.804138184,109.932609558
-70.2171783447,177.502349854,107.536239624
-69.5907440186,179.047683716,106.396957397
-69.6196594238,180.137420654,106.456054688
-69.3437728882,180.764846802,106.541900635
-68.9404678345,180.844909668,106.363853455
-68.5296173096,180.667007446,105.965301514
-68.2378845215,180.540679932,105.682296753
-68.0311965942,180.451187134,105.481796265
-67.9144058228,180.400619507,105.368507385
-67.8125915527,180.356536865,105.269744873
-67.6446151733,180.286834717,105.067993164
-67.5113220215,180.231536865,104.907905579
-67.2392883301,180.192199707,104.823066711
-66.8115615845,180.130706787,104.775764465
-66.2890472412,179.940200806,104.842834473
-65.8633041382,179.895248413,104.806793213
-65.2386550903,179.975204468,104.841720581
-64.8381729126,180.079727173,104.847076416
-64.4221191406,179.712722778,105.140029907
-64.1496734619,179.525787354,105.303222656
-63.8809623718,179.445755005,105.344230652
-63.3816108704,179.3046875,105.369285583
-63.0271606445,179.308410645,105.422744751
-62.8940467834,179.270858765,105.502220154
-61.9845504761,178.598449707,107.934387207
-61.8620452881,178.726913452,108.049446106
-61.6323661804,179.35043335,108.621490479
-60.993686676,178.940856934,110.19178009
-60.4810371399,179.028091431,110.955879211
-59.9804267883,179.109924316,111.32875824
-59.5749282837,179.144760132,111.744766235
-59.1790885925,179.196960449,112.061508179
-58.9840431213,179.140518188,112.284675598
-58.7334632874,179.190795898,112.392707825
-58.3766403198,179.590560913,113.100784302
-58.2170829773,179.438369751,113.121047974
-58.4865722656,178.301483154,113.151176453
-57.9623603821,177.841934204,112.757263184
-55.7468109131,179.652648926,111.536453247
-54.1229858398,180.529006958,111.588394165
-52.8597755432,181.240447998,111.787063599
-51.8473815918,181.54045105,111.656822205
-50.2375068665,183.366943359,110.868309021
-49.1945381165,185.008468628,110.351806641
-48.401134491,185.617980957,110.132064819
-47.6270103455,184.677764893,109.382843018
-47.0901527405,182.739929199,110.985389709
-46.4313812256,183.647491455,112.851860046
-46.0386619568,184.144927979,113.099250793
-45.6314582825,181.126113892,114.547912598
-44.5371894836,182.03012085,114.066398621
-43.3225593567,182.742477417,114.001190186
-42.0215644836,182.857391357,113.932312012
-41.5000114441,182.807678223,114.051353455
-40.6129074097,182.150756836,114.355712891
-39.8727226257,181.74017334,113.981040955
-39.0279197693,181.098648071,113.602783203
-38.564125061,180.946838379,113.360244751
-37.5795593262,180.511260986,112.516014099
-37.5010452271,180.469894409,112.609443665
-37.4143066406,179.742492676,112.940567017
-37.2013282776,178.6509552,113.25112915
-38.3579483032,178.156616211,112.709709167
-39.1735420227,177.808013916,112.327926636
-39.6414413452,177.718353271,112.199768066
-39.837436676,177.754196167,112.176475525
-40.4240264893,177.928497314,112.34098053
-41.130531311,178.190811157,112.540733337
-41.8675270081,178.165985107,112.559501648
-43.2870445251,177.539321899,112.334960938
-43.6292610168,176.718734741,112.506942749
-45.4159736633,174.577987671,114.734069824
-47.8230819702,170.802398682,118.097450256
-46.9062461853,169.087768555,119.137161255
-47.5344314575,168.231048584,119.653678894
-47.5449523926,167.715133667,119.997489929
-47.613494873,167.510681152,120.118774414
-47.8499336243,167.304199219,120.163475037
-48.5768318176,166.209457397,120.268760681
-48.5992393494,166.099533081,120.219543457
-48.5922050476,166.123138428,120.057052612
-48.6519584656,166.106872559,119.913528442
-48.6425285339,166.097183228,119.900588989
-46.9992637634,164.319442749,117.485771179
-46.2093238831,163.46484375,116.324935913
-40.9375534058,149.665527344,111.871353149
-39.9121932983,147.053543091,109.725280762
-39.7369995117,147.605285645,109.792274475
-38.898223877,147.75428772,109.932502747
-37.9097518921,147.977890015,110.099960327
-37.6250534058,149.073471069,110.798492432
-37.0148544312,148.927764893,110.934516907
-34.8773956299,147.402084351,109.690307617
-34.2769737244,147.799987793,109.723144531
-33.4299697876,147.937423706,109.611610413
-32.8872756958,148.795700073,110.25328064
-31.1729698181,148.969528198,110.69417572
-29.3693771362,149.128265381,109.851074219
-26.7460308075,150.401870728,109.1640625
-26.3588428497,150.603378296,109.394889832
-26.0000076294,150.733276367,109.560279846
-25.7751522064,150.660232544,109.659667969
-25.7156639099,150.410003662,109.838951111
-25.5042991638,150.270980835,109.880889893
-25.4208374023,150.284805298,109.885375977
-25.0939426422,150.139587402,109.870513916
-24.889667511,150.117111206,109.85610199
-24.4876842499,150.226028442,110.087142944
-24.4911022186,150.39491272,110.612579346
-24.8983592987,150.654891968,111.589767456
-24.9781284332,150.646331787,112.1743927
-24.804189682,150.875335693,112.523620605
-25.0353622437,151.033981323,112.615722656
-25.0436782837,151.091125488,112.652824402
-25.7648639679,151.664031982,113.823310852
-26.0992851257,151.679382324,114.643051147
-26.2751617432,151.687454224,115.074172974
-25.1372680664,149.882629395,114.35559845
-24.5456581116,148.202133179,114.412658691
-24.0188179016,146.39402771,113.433250427
-23.9127731323,146.030090332,113.236114502
-24.3579158783,144.02885437,111.914779663
-25.0190467834,143.30645752,111.188705444
-25.1928634644,143.592849731,111.204483032
-25.3515872955,143.762527466,111.70703125
-25.80818367,144.328826904,113.191802979
-26.2608222961,144.782012939,114.455986023
-26.1909732819,142.984451294,113.837265015
-27.2636432648,142.813827515,114.236335754
-27.6372509003,142.71484375,114.441764832
-28.082157135,142.609359741,114.433410645
-28.4663162231,142.549667358,114.459609985
-29.1277561188,142.947845459,115.141334534
-29.8304252625,143.529220581,115.940315247
-30.0023384094,143.676193237,116.068580627
-30.0317363739,144.485671997,115.809410095
-30.0630912781,144.508346558,115.770027161
-30.0108966827,144.623123169,115.660186768
-29.9841976166,144.594177246,115.496040344
-30.6765823364,147.547683716,116.398536682
-30.2586078644,149.341430664,116.714942932
-30.3417949677,147.704879761,116.541923523
-30.6766872406,146.173858643,116.530143738
-31.2336845398,147.098876953,117.785713196
-31.4422245026,148.236663818,118.816825867
-31.5459213257,148.902801514,119.349372864
-31.4317874908,146.839584351,118.711090088
-31.4858913422,146.849380493,119.00315094
-31.3630142212,146.143280029,119.037658691
-31.4500637054,143.724884033,118.883125305
-31.7427101135,141.728485107,118.773094177
-32.0433502197,140.379837036,118.598449707
-32.0281143188,140.217910767,118.605102539
-32.0457382202,141.531723022,119.606163025
-32.0225028992,141.514633179,120.063667297
-32.0941162109,141.612594604,120.258628845
-32.1666259766,142.272476196,120.795303345
-31.9890499115,142.624099731,120.562850952
-31.823184967,143.804748535,120.528533936
-31.7447853088,144.221664429,120.538299561
-31.3756084442,145.587646484,120.67930603
-31.4015712738,145.557693481,120.668556213
-31.4329185486,147.122314453,121.506210327
-31.3992290497,149.10307312,122.329452515
-31.2766246796,150.089248657,122.757957458
-31.151014328,150.250289917,122.817626953
-30.8035869598,150.329116821,123.015472412
-30.2596340179,153.399810791,123.794555664
-30.2293186188,153.576858521,123.780654907
-30.1124153137,153.173873901,123.516876221
-30.0828552246,152.528289795,123.09349823
-30.064125061,152.119247437,122.825248718
-30.0279350281,151.845993042,122.622833252
-30.0053367615,151.675369263,122.496444702
-29.986240387,151.531158447,122.389625549
-29.973733902,151.436721802,122.31967926
-29.9638614655,151.362182617,122.264457703
-29.9580307007,151.39956665,122.185203552
-29.9529209137,151.432342529,122.115707397
-29.8478298187,151.685424805,122.014732361
-29.8332023621,151.76802063,121.84979248
-29.8218135834,151.832321167,121.721382141
-29.8138198853,151.877441406,121.631271362
-29.7654304504,151.867904663,121.380058289
-29.7326850891,151.880203247,121.257896423
-29.7189254761,151.915740967,121.0962677
-29.6799163818,151.93901062,120.973518372
-29.5976276398,151.865661621,120.662414551
-29.525718689,151.444900513,120.254295349
-29.413772583,151.09185791,119.883399963
-29.1699295044,152.205368042,119.54006958
-28.9647407532,153.485916138,119.187286377
-28.7432918549,154.264801025,119.177436829
-28.5528583527,154.934616089,119.168968201
-28.4203109741,155.400817871,119.163070679
-28.343744278,155.670120239,119.159667969
-28.293762207,155.845916748,119.157440186
-28.1927928925,156.376846313,117.950378418
-27.945432663,157.65574646,117.100059509
-27.7348709106,157.8699646,115.641700745
-27.6303386688,157.990600586,115.325737
-27.3766002655,157.894973755,114.500053406
-27.279296875,158.73449707,114.516441345
-27.2686843872,159.052947998,114.510765076
-27.2757873535,159.485626221,114.592414856
-27.2166805267,162.95022583,114.865631104
-27.231502533,163.389251709,114.688583374
-27.2303962708,163.553527832,114.668762207
-27.2345104218,163.63861084,114.67099762
-27.5382881165,162.52230835,114.723823547
-27.6860904694,162.495681763,115.002388
-27.9996452332,159.93371582,114.9193573
-28.0866107941,159.718521118,115.109230042
-28.1582355499,161.201583862,115.38243866
-28.1261234283,161.420043945,115.551307678
-28.5177078247,156.235717773,115.221366882
-28.6381835938,154.130630493,115.374237061
-28.7476425171,153.450408936,115.408065796
-28.7207717896,153.486984253,115.858047485
-29.0161647797,151.927841187,116.789497375
-29.1299152374,151.090316772,117.156906128
-29.1463871002,151.125823975,117.26714325
-29.1574573517,151.149688721,117.341239929
-29.0581970215,151.201599121,117.420143127
-29.0508460999,151.671325684,117.590011597
-29.153968811,151.909210205,117.675369263
-29.2388019562,151.99899292,117.830528259
-29.3171768188,152.176757812,118.01398468
-29.420791626,152.154220581,118.172889709
-29.6969509125,151.967849731,118.378379822
-29.7262306213,151.959030151,118.410758972
-29.785654068,151.948028564,118.594856262
-29.8390140533,151.849227905,118.85018158
-29.8760700226,151.759231567,118.958068848
-29.9331798553,151.680130005,119.029037476
-30.0508308411,151.570968628,119.099433899
-30.3464488983,151.683517456,119.576454163
-30.4817695618,151.718139648,119.771636963
-30.6245117188,151.631286621,119.809661865
-30.7251663208,151.602416992,119.773597717
-30.8237819672,151.56602478,119.739082336
-30.8926086426,151.534805298,119.711410522
-31.0349178314,151.52142334,119.764091492
-31.108505249,151.476455688,119.753135681
-31.1674766541,151.38092041,119.672393799
-31.2017822266,151.226974487,119.538124084
-31.1669616699,151.086517334,119.417831421
-31.1619987488,151.168991089,119.162460327
-31.0768127441,150.593231201,118.479972839
-31.0261421204,150.377655029,117.984901428
-31.1128368378,150.592407227,117.707832336
-31.1771392822,150.929031372,117.345230103
-31.1666355133,151.166320801,117.200706482
-31.2253227234,151.424697876,117.064819336
-31.2611103058,151.09085083,116.8670578
-31.2713871002,151.038513184,116.829536438
-31.3332138062,150.901443481,116.677848816
-31.3754787445,150.83493042,116.566322327
-31.3873081207,150.770507812,116.473823547
-31.4176425934,150.677566528,116.343307495
-31.4282073975,150.523651123,116.269851685
-31.5038700104,150.31149292,116.096031189
-31.5055522919,150.216430664,116.015113831
-31.5133895874,150.059051514,115.827705383
-31.4056797028,149.866348267,115.739456177
-31.3089809418,149.583282471,115.616744995
-31.2447719574,149.395324707,115.535263062
-31.1564559937,149.2552948,115.379844666
-31.0642623901,149.119750977,115.172279358
-30.9648704529,149.12109375,114.928421021
-30.8923244476,149.183532715,114.634078979
-30.874956131,149.198486328,114.563621521
-30.7541179657,149.012039185,114.000007629
-30.7309646606,148.960861206,113.796989441
-30.7088375092,148.911941528,113.602958679
-30.6304740906,148.938171387,113.420295715
-30.5686149597,148.921264648,113.269073486
-30.547744751,148.888748169,113.140785217
-30.546333313,148.889038086,113.141395569
-30.5083370209,148.856185913,113.085212708
-30.4793643951,148.821792603,113.036392212
-30.4268627167,148.766708374,112.964080811
-30.3623580933,148.694030762,112.887588501
-30.3168334961,148.616271973,112.798606873
-30.2706775665,148.537414551,112.708389282
-30.2493801117,148.510620117,112.675788879
-30.2162017822,148.432556152,112.469047546
-30.1865272522,148.379898071,112.335762024
-30.1143112183,148.308486938,112.218612671
-30.0361690521,148.257003784,112.090782166
-29.988199234,148.222717285,111.964385986
-29.9339122772,148.200881958,111.867355347
-29.8653202057,148.194351196,111.760597229
-29.7911167145,148.226638794,111.596931458
-29.7517356873,148.179367065,111.529098511
-29.7576942444,147.604690552,111.220787048
-29.6268520355,146.32824707,111.231765747
-29.361120224,145.960525513,111.347290039
-29.2106132507,145.804077148,111.295608521
-29.1204929352,145.734527588,111.208839417
-29.0711841583,145.703445435,111.1459198
-28.934715271,145.594909668,110.847297668
-28.8778514862,145.533615112,110.512519836
-28.8366394043,145.506942749,110.298179626
-28.7923221588,145.708602905,110.163375854
-28.7072162628,145.842559814,110.115440369
-28.7527065277,146.024917603,110.113937378
-28.7902793884,146.175552368,110.112693787
-28.8272800446,146.302352905,110.079910278
-28.8571605682,146.40473938,110.053436279
-28.840549469,146.440551758,110.08568573
-28.8560428619,146.453018188,110.093139648
-28.9142818451,146.481811523,110.106536865
-28.9380130768,146.496994019,110.168380737
-28.9375362396,146.54699707,110.283004761
-28.9395046234,146.54850769,110.398880005
-28.9608020782,146.512939453,110.530487061
-28.9796772003,146.481414795,110.647117615
-28.9947338104,146.456268311,110.740158081
-29.0071868896,146.43548584,110.817108154
-29.0150222778,146.422393799,110.865524292
-29.0232009888,146.408737183,110.916061401
-29.0306282043,146.396331787,110.961959839
-29.0371284485,146.385482788,111.002128601
-29.0461425781,146.370422363,111.057823181
-29.0481796265,146.367019653,111.070419312
-29.0525283813,146.35975647,111.097290039
-29.0566368103,146.352905273,111.122673035
-29.0603351593,146.346725464,111.145523071
-29.0642414093,146.340194702,111.169670105
-29.0219974518,146.344696045,111.197601318
-28.9450206757,146.352890015,111.248497009
-28.8987922668,146.357803345,111.279060364
-28.8507423401,146.362915039,111.310836792
-28.8126010895,146.366973877,111.336051941
-28.6670570374,146.473754883,111.194633484
-28.4126033783,146.554107666,110.904388428
-28.1168518066,146.659729004,110.689308167
-28.001739502,146.700836182,110.60559845
-27.9496040344,146.711456299,110.445053101
-27.9131774902,146.718887329,110.332885742
-27.8831596375,146.725006104,110.240447998
-27.848859787,146.802108765,110.066772461
-27.7204666138,146.797561646,109.544136047
-27.7826519012,145.90536499,108.367958069
-27.6831703186,145.698196411,107.939651489
-27.5536785126,145.574295044,107.771995544
-27.488155365,145.654968262,107.707313538
-27.3875522614,145.747344971,107.631576538
-27.2670536041,145.943450928,107.502738953
-27.1569957733,146.122573853,107.385070801
-27.0687828064,146.270767212,107.281059265
-27.0459194183,147.580291748,106.451774597
-26.9372367859,151.353500366,104.449249268
-26.7017917633,153.211166382,103.528900146
-26.2403697968,152.293624878,102.16759491
-26.4428710938,152.313980103,101.512870789
-27.2702140808,151.931365967,100.517272949
-27.5492095947,151.818939209,100.19732666
-27.1238708496,151.955627441,99.7073822021
-27.1695175171,151.604736328,98.8374099731
-27.7630939484,150.486740112,97.2316741943
-28.1653461456,149.866271973,96.7380142212
-28.7047271729,149.606430054,96.4589767456
-26.5889530182,150.333450317,94.7347106934
-25.9359664917,150.90397644,93.0248718262
-26.0934791565,151.098388672,91.8583831787
-26.0808200836,151.2134552,91.2277755737
-26.3857975006,151.234848022,90.7742538452
-26.4267082214,151.213485718,90.5603103638
-26.6955776215,151.129943848,90.2094726562
-27.2523422241,150.945098877,90.1710586548
-27.6728420258,150.689041138,90.2224731445
-28.7395114899,150.493728638,89.8932342529
-30.5534343719,148.430725098,89.3456802368
-31.039440155,146.521636963,88.8705673218
-30.9774570465,146.838088989,89.1385955811
-31.0754318237,147.117721558,89.6030883789
-31.7527637482,146.926834106,90.3282699585
-32.0619163513,145.093460083,87.7899627686
-32.1297149658,145.131546021,87.508026123
-32.0173301697,145.244857788,87.1878433228
-30.7769088745,145.617904663,84.7638473511
-28.3394794464,145.367950439,80.7220687866
-25.6646080017,146.231033325,79.060874939
-21.8705768585,145.124984741,78.8137969971
-19.4622478485,146.993759155,75.8001022339
-17.8218021393,148.531356812,74.8172607422
-17.5597667694,149.56539917,72.5875549316
-17.3507213593,150.328918457,71.7543487549
-15.9148817062,153.230743408,73.2181930542
-10.8665685654,157.209533691,71.2397842407
2.36416077614,160.649810791,63.7432250977
14.4528837204,164.124786377,65.8738937378
19.0503234863,162.833312988,66.5027008057
20.3548412323,162.770477295,66.5398635864
21.624666214,163.311950684,66.4189224243
81.8149261475,172.344299316,127.720588684
80.6394042969,173.491378784,126.550354004
79.7943649292,174.059204102,126.090209961
79.2261581421,174.761184692,125.554473877
78.8084716797,175.407806396,125.248596191
78.4389648438,175.937271118,125.021766663
78.3523178101,176.061431885,124.968574524
78.2562637329,176.332473755,124.783279419
78.0507888794,176.617431641,124.597930908
77.8745346069,176.874984741,124.450195312
77.6314086914,177.53137207,124.212661743
77.4301528931,178.59161377,123.649139404
77.2093811035,179.254165649,123.236694336
76.9934310913,179.612808228,122.992225647
76.784538269,179.981689453,122.734947205
76.738494873,180.07131958,122.666816711
76.615234375,180.161056519,122.59980011
76.5749740601,180.167770386,122.601783752
76.5588226318,180.158401489,122.619125366
76.489944458,180.14654541,122.68724823
76.454498291,180.135971069,122.723526001
76.4214477539,180.099945068,122.800292969
76.4195632935,180.049026489,122.865142822
76.4096832275,180.018341064,122.916137695
76.3911209106,180.008712769,122.954368591
76.3739929199,180.005325317,122.987548828
76.3625946045,180.008605957,123.013298035
76.3532867432,180.009170532,123.029243469
76.3536224365,180.009231567,123.030662537
76.3545684814,180.009078979,123.031600952
76.3599624634,180.025695801,123.060165405
76.3947525024,180.046615601,123.070823669
76.4102935791,180.049987793,123.082672119
76.4210205078,180.052352905,123.094345093
76.4233169556,180.048522949,123.112350464
76.4325561523,180.04574585,123.125595093
76.4251251221,180.045623779,123.166427612
76.3753356934,180.079971313,123.290023804
76.3337860107,180.106323242,123.362861633
76.3061447144,180.126678467,123.435958862
76.3015518188,180.15057373,123.478553772
76.2950668335,180.162887573,123.506835938
76.2937469482,180.162384033,123.511253357
76.2907409668,180.156158447,123.522758484
76.2876586914,180.148147583,123.52897644
76.2876815796,180.147949219,123.528907776
76.2909240723,180.145935059,123.524879456
76.3003234863,180.138137817,123.515716553
76.3056259155,180.124923706,123.509284973
76.28855896,180.112487793,123.500099182
76.2598190308,180.150375366,123.513717651
76.2367782593,180.15385437,123.531547546
76.1769485474,180.157058716,123.556755066
75.5876464844,179.52142334,123.758972168
75.3119049072,179.104766846,123.847389221
74.6653900146,178.81022644,124.101852417
74.3170547485,178.78604126,124.313987732
73.9176330566,178.741424561,124.445640564
73.5110473633,178.706359863,124.575363159
73.0673675537,179.101089478,124.735183716
72.5060806274,179.721588135,125.056037903
72.2337341309,179.874755859,125.241569519
71.8249435425,179.990829468,125.48928833
71.4377822876,180.038848877,125.655075073
71.2121887207,180.16897583,125.807403564
70.812461853,180.319885254,125.986549377
70.2010879517,180.401443481,126.158363342
69.5809020996,180.580566406,126.279014587
69.1588973999,180.783157349,126.277366638
67.3791809082,180.40536499,126.248031616
66.7261123657,180.602218628,125.90083313
65.7550964355,181.105834961,125.332923889
64.8254852295,181.530426025,124.995414734
63.4197731018,181.97946167,123.546600342
62.3193016052,182.821487427,122.111694336
59.580078125,182.749191284,118.926048279
57.1396980286,184.038742065,115.183677673
53.4522819519,186.279937744,109.449729919
51.5832290649,186.984786987,107.219474792
48.9968147278,186.933517456,104.828063965
44.154296875,186.773864746,102.227676392
42.0365409851,187.01399231,101.351623535
41.5625915527,187.168777466,101.042549133
40.9748382568,187.676040649,100.503944397
40.4599113464,187.638275146,100.62940979
40.2110557556,187.453109741,100.827789307
39.4767074585,187.016784668,101.00667572
39.9109344482,186.817260742,102.046447754
40.0359649658,187.357772827,102.093757629
39.5925178528,189.694396973,101.347702026
39.0908737183,190.168502808,101.680213928
38.6852912903,190.302825928,102.143112183
37.8455543518,191.020446777,105.863952637
-64.3352584839,189.181793213,146.04045105
-62.9671669006,189.227706909,146.471969604
-62.47605896,189.281188965,146.61895752
-61.8121261597,189.41456604,146.828018188
