77.8899002075,167.744537354,112.266860962
77.8898620605,167.743621826,112.267463684
77.8898239136,167.742752075,112.268043518
77.8897857666,167.741882324,112.268623352
77.8897476196,167.741027832,112.269195557
77.8897094727,167.740188599,112.269752502
77.8896636963,167.739212036,112.270401001
77.8896408081,167.73878479,112.270683289
77.8895950317,167.737762451,112.271369934
77.8895645142,167.736968994,112.271888733
77.8895263672,167.736206055,112.272392273
77.8894958496,167.735458374,112.272895813
77.8894577026,167.734725952,112.273384094
77.8894271851,167.733932495,112.273910522
77.8893966675,167.73336792,112.274291992
77.8893508911,167.73223877,112.275032043
77.8893280029,167.731903076,112.275268555
77.8893051147,167.73135376,112.275627136
77.8892669678,167.730529785,112.276168823
77.8892440796,167.729904175,112.276596069
77.889213562,167.7293396,112.27696991
77.8891830444,167.728668213,112.277412415
77.8891525269,167.727996826,112.277862549
77.8891296387,167.727432251,112.278236389
77.8890991211,167.726760864,112.278686523
77.8890686035,167.726119995,112.27911377
77.8890533447,167.725692749,112.279388428
77.8890151978,167.724884033,112.279930115
77.8889923096,167.724349976,112.280288696
77.8889694214,167.723831177,112.280639648
77.8889465332,167.723373413,112.280944824
77.888923645,167.722824097,112.281303406
77.8888931274,167.72227478,112.281661987
77.8888702393,167.721755981,112.28200531
77.8888473511,167.721237183,112.282356262
77.8888244629,167.720718384,112.282699585
77.8887939453,167.720062256,112.28314209
77.8887939453,167.719985962,112.283187866
77.8887481689,167.719070435,112.283798218
77.8887329102,167.718734741,112.28401947
77.8887176514,167.718261719,112.284332275
77.8886947632,167.717788696,112.284645081
77.888671875,167.717330933,112.284957886
77.8886489868,167.716873169,112.285263062
77.8886260986,167.716384888,112.285591125
77.8886032104,167.715835571,112.285949707
77.8885879517,167.715530396,112.286155701
77.8885726929,167.715103149,112.286445618
77.8885498047,167.714660645,112.286727905
77.8885345459,167.714248657,112.287010193
77.8885116577,167.71383667,112.287284851
77.8884963989,167.713363647,112.287597656
77.8884735107,167.712890625,112.287910461
77.888458252,167.712600708,112.288101196
77.8884429932,167.712203979,112.288368225
77.888420105,167.711807251,112.288635254
77.8884048462,167.71144104,112.288879395
77.8883895874,167.711044312,112.289138794
77.8883666992,167.710586548,112.28944397
77.8883514404,167.710296631,112.289634705
77.8883361816,167.709854126,112.289932251
77.8883209229,167.709564209,112.290122986
77.8883056641,167.709213257,112.290367126
77.8882904053,167.708847046,112.290603638
77.8829269409,167.710861206,112.292068481
77.7979812622,167.821029663,112.294937134
77.6953811646,167.934509277,112.302650452
77.5642776489,168.081924438,112.313415527
77.4753417969,168.181915283,112.320724487
77.2355728149,168.39604187,112.351173401
77.0784225464,168.667282104,112.402801514
76.896484375,168.868011475,112.468025208
76.6402435303,169.00163269,112.473892212
76.5005187988,169.113677979,112.468864441
76.34740448,169.204101562,112.484321594
76.2276382446,169.38973999,112.377311707
75.9872283936,170.21875,111.652442932
75.4830627441,170.29901123,110.948486328
75.1569442749,170.452713013,110.438552856
74.8876342773,170.600219727,110.110137939
74.5443115234,170.686325073,109.907318115
73.7423629761,170.322296143,108.805267334
73.2194366455,170.200485229,107.97064209
72.9027938843,170.178039551,107.468299866
72.6246414185,169.998947144,107.414894104
72.0708007812,169.643936157,107.386360168
71.8318328857,169.570220947,107.691917419
71.2237701416,169.136413574,108.014762878
70.8028488159,168.836120605,108.238250732
70.5335388184,168.643997192,108.381233215
70.241317749,168.575958252,108.48324585
70.1520462036,168.565338135,108.505012512
69.7503051758,168.44493103,108.602874756
69.6159362793,168.404663086,108.635604858
69.0591506958,167.811248779,108.90322876
68.6846618652,167.663848877,108.939544678
68.3398284912,167.524642944,108.970687866
68.0980377197,167.427047729,108.992523193
67.9535293579,167.593017578,108.984977722
67.3097915649,167.039108276,108.603164673
67.1076660156,166.882019043,108.404556274
65.8034667969,164.948013306,106.487091064
65.1637573242,164.241867065,105.737731934
65.1946563721,164.500518799,105.735298157
65.1161422729,164.786621094,105.716690063
64.8819351196,164.64050293,105.49067688
64.8247451782,164.829147339,105.482711792
64.7449569702,165.006881714,105.494926453
64.6925430298,165.264129639,105.552154541
64.6089019775,165.542449951,105.623786926
64.5576934814,165.726608276,105.663970947
64.514251709,165.787826538,105.67552948
64.4737548828,165.779327393,105.685310364
64.3930435181,165.793518066,105.70425415
64.2239074707,165.818984985,105.72808075
64.0193099976,165.866699219,105.714004517
63.8606758118,165.912261963,105.703483582
63.6618766785,165.936889648,105.670707703
63.4655723572,165.857589722,105.656700134
63.2691001892,165.828842163,105.658004761
63.0195426941,165.79699707,105.710914612
62.9439735413,165.80116272,105.727050781
62.8557624817,165.975326538,105.893325806
62.6680297852,166.164260864,106.116371155
62.3851013184,166.33581543,106.375656128
62.1857452393,166.456695557,106.558357239
61.7992553711,166.25201416,106.687332153
61.5393333435,166.187835693,106.895584106
61.2820053101,166.2605896,107.32610321
61.0693664551,166.489822388,108.162490845
61.0165252686,166.927536011,109.21912384
61.081741333,167.182693481,110.011795044
61.107334137,167.362564087,110.504570007
61.4274368286,168.193206787,111.441749573
61.5602493286,168.296234131,111.658882141
61.6986427307,168.374984741,111.781791687
61.7091255188,168.437850952,111.873939514
61.73595047,168.505737305,111.958824158
61.7012786865,168.602355957,112.093132019
61.6605987549,168.661132812,112.234619141
61.606426239,168.668273926,112.336112976
61.5095977783,168.704574585,112.431243896
59.3907852173,167.986328125,111.009002686
58.6920166016,167.815597534,109.889274597
58.3495445251,167.55178833,109.310012817
58.1523475647,167.503234863,108.981529236
57.9723930359,167.499038696,108.822349548
57.8172149658,167.544296265,108.707824707
57.5566749573,167.685241699,108.566139221
57.3514480591,167.736251831,108.486732483
56.9922904968,167.793014526,108.266487122
56.6855659485,167.873428345,108.152900696
56.2920684814,167.891113281,108.078475952
55.9023666382,167.913818359,108.097915649
55.8499107361,167.935745239,108.074981689
55.7608680725,167.951187134,108.072685242
55.6693267822,167.917373657,108.072738647
55.3861656189,167.766555786,108.038948059
55.3117294312,167.743728638,108.073722839
54.8894958496,167.546142578,108.123283386
54.7081680298,167.535598755,108.264457703
54.5676956177,167.564788818,108.368370056
54.560344696,167.589447021,108.401374817
54.5198860168,167.675735474,108.514915466
54.4389419556,167.725189209,108.728729248
54.3744773865,167.728164673,108.825836182
54.3200187683,167.730255127,108.878890991
54.2541770935,167.744934082,108.93119812
54.1653785706,167.762512207,108.9974823
53.9865570068,167.899703979,109.188919067
53.7857398987,168.100021362,109.398963928
53.6688041687,168.260864258,109.54901123
53.5043640137,168.438400269,109.694252014
53.3765830994,168.588256836,109.814552307
53.1952705383,168.849182129,109.915245056
53.0429000854,168.855377197,109.765426636
52.4846572876,168.478805542,109.165794373
51.9893684387,168.054412842,108.480491638
51.6585922241,167.707672119,107.968948364
51.4080505371,167.418487549,107.61806488
51.1757926941,167.134765625,107.402160645
51.2559661865,167.187988281,107.444915771
51.2653846741,167.312835693,107.553726196
51.2645111084,167.499328613,107.722389221
51.3203353882,167.659896851,107.829246521
51.2842292786,167.772796631,107.976608276
51.2592887878,167.870269775,108.106430054
51.2539901733,167.935348511,108.212287903
50.7266731262,167.593658447,107.765693665
50.7044372559,167.644302368,107.740409851
50.6454048157,167.645675659,107.727149963
50.5639724731,167.647583008,107.708854675
50.500541687,167.64906311,107.694602966
50.4483795166,167.650283813,107.682884216
50.4023513794,167.651351929,107.672546387
50.3621635437,167.652297974,107.663513184
50.3232498169,167.653198242,107.654777527
50.2974243164,167.653808594,107.648971558
50.2796096802,167.58833313,107.639274597
50.2581634521,167.49118042,107.63067627
50.2294692993,167.312835693,107.612609863
50.2076911926,167.177490234,107.598899841
49.9981918335,166.835113525,107.546852112
49.8360671997,166.570159912,107.506568909
49.7202415466,166.380859375,107.477790833
49.6683235168,166.273345947,107.424278259
49.6220626831,166.143585205,107.378471375
49.1135025024,165.2472229,107.169433594
48.9067764282,164.843917847,106.933242798
48.7988090515,164.589050293,106.761100769
48.7033500671,164.447982788,106.620368958
48.6173057556,164.278701782,106.592071533
48.6156768799,164.279510498,106.590034485
48.5943374634,164.14239502,106.448173523
48.5690040588,163.988128662,106.254493713
48.5982017517,164.126800537,106.292510986
48.6324996948,164.231719971,106.333480835
48.5968856812,164.390136719,106.39541626
48.6244163513,164.499069214,106.514755249
48.7312698364,164.749465942,106.653739929
48.6533317566,164.840042114,106.6875
48.6211853027,164.847518921,106.653678894
48.5213127136,164.571228027,106.19178009
48.2860641479,164.225067139,105.809669495
48.1295433044,164.023208618,105.556121826
47.8666877747,163.809921265,105.339492798
40.9090881348,149.682662964,93.3456726074
43.4002113342,155.420578003,94.849899292
44.769985199,159.913589478,96.7884597778
45.244720459,161.47076416,97.460319519
44.4323577881,159.259353638,96.5682067871
43.2509346008,157.113891602,95.757484436
42.6985702515,155.250671387,95.1019897461
43.7549552917,158.832901001,97.1659011841
43.9033584595,160.286361694,98.7238082886
43.3348579407,158.491470337,98.0574951172
42.30884552,156.478713989,96.6750183105
41.8192977905,155.518356323,96.0153884888
41.6029853821,155.094009399,95.7239227295
41.4638595581,155.075820923,95.5767822266
41.3856124878,155.079071045,95.5757446289
41.3004341125,154.887023926,95.7590637207
41.2200965881,154.636566162,95.7427902222
41.1139678955,154.460906982,95.7863769531
41.0401229858,154.350570679,95.8460540771
40.9486923218,154.144195557,95.7632141113
40.8751792908,153.978256226,95.6966171265
40.7375907898,153.883499146,95.5159454346
40.6743774414,153.68409729,95.4522018433
40.6506080627,153.598602295,95.4294052124
40.6728897095,153.459503174,95.4855880737
40.7069358826,153.246932983,95.5714416504
40.6807785034,153.204528809,95.6258773804
40.6683616638,153.145065308,95.6868057251
40.6558876038,153.085296631,95.7480392456
40.5967140198,153.09765625,95.7625579834
40.5243721008,153.097427368,95.799446106
40.3913574219,153.150253296,95.8751220703
40.0870018005,152.817611694,95.7578887939
39.7571792603,152.366973877,95.5731506348
39.6261787415,152.022415161,95.4638595581
39.5874671936,151.798294067,95.41746521
39.5579719543,151.627532959,95.3821182251
39.6579055786,151.488739014,95.3212509155
39.6650428772,151.478820801,95.3169021606
39.7603263855,151.346466064,95.2588577271
39.8095970154,151.278030396,95.2288513184
39.7892532349,151.264694214,95.2018432617
39.8861083984,151.59487915,94.8897781372
39.9728622437,151.925949097,94.6219558716
39.9957237244,152.156951904,94.4651260376
40.0034942627,152.402511597,94.3094940186
40.0092926025,152.585647583,94.1934280396
40.0135574341,152.720397949,94.1080322266
40.0168228149,152.823577881,94.042640686
40.0195007324,152.908157349,93.9890365601
39.9644050598,153.111022949,93.8314743042
39.9253845215,153.351867676,93.5888290405
39.8652381897,153.544448853,93.4281616211
39.7950286865,153.636520386,93.2991256714
39.7075042725,153.690536499,93.2678375244
39.7793731689,153.795837402,93.2162857056
39.7291221619,153.739852905,93.1930007935
39.6622619629,153.665359497,93.1620101929
39.5179862976,153.816101074,93.1465988159
39.5196342468,154.345397949,93.4229202271
39.5664291382,154.873092651,93.5450286865
38.6790390015,155.803085327,96.0511856079
38.8626022339,156.660110474,97.2813873291
38.7292366028,156.80632019,97.8535385132
38.4398269653,156.876815796,98.1768798828
38.351688385,157.000289917,98.4145965576
38.2426109314,157.042999268,98.6503143311
38.2516708374,157.160903931,99.2256011963
38.3718338013,157.966629028,100.744606018
38.3473587036,157.638641357,100.805305481
38.6909141541,157.230407715,100.615242004
37.6991920471,154.939361572,98.0424575806
34.1895446777,147.54788208,83.5491256714
30.6126461029,138.605422974,69.0194854736
29.0200901031,134.623931885,62.5503959656
28.3935241699,133.057479858,60.0052375793
27.9295368195,133.002258301,59.3648071289
26.8960132599,133.249679565,58.1991615295
25.9212303162,131.655731201,56.8231887817
25.6542549133,131.219177246,56.4463348389
25.294046402,130.721359253,56.219581604
24.6927318573,130.195266724,55.7158889771
24.1710128784,129.890029907,55.2287254333
23.8588600159,129.707397461,54.93724823
23.5588207245,129.603607178,54.6018867493
23.3487052917,129.530929565,54.3670310974
22.9408988953,129.558654785,53.2477645874
22.6078224182,129.290740967,52.1430854797
22.5153503418,129.065246582,51.9083404541
22.5695781708,128.389678955,51.6374893188
22.5459098816,127.573432922,52.0252876282
22.4740753174,127.526000977,51.5629196167
22.4534606934,127.429916382,51.7612457275
22.5180206299,127.538032532,52.2950820923
23.1323394775,128.190429688,52.7297134399
67.8776473999,179.445541382,100.112693787
67.8202362061,176.991394043,99.9435195923
68.2630844116,176.831665039,100.374786377
68.507598877,176.743469238,100.61289978
68.422958374,175.671569824,100.171569824
67.9640808105,173.582443237,99.0784759521
68.2544021606,173.508453369,99.03956604
68.2455368042,172.834716797,98.4308853149
68.2131576538,172.223907471,98.1325302124
68.2177047729,171.839782715,97.8883361816
68.3978881836,171.731231689,97.7484359741
68.4953079224,171.683868408,97.6789932251
69.6856002808,173.010162354,98.829208374
70.877204895,174.108261108,99.6079711914
71.2220458984,174.389846802,99.7912902832
71.4105224609,174.543746948,99.8914871216
71.4161224365,174.570053101,99.878288269
71.4393615723,174.604125977,99.8426818848
71.4665527344,174.583129883,99.8215179443
71.4903488159,174.564758301,99.8029937744
71.5097732544,174.54977417,99.7878723145
71.5368881226,174.510986328,99.7574081421
71.548614502,174.465621948,99.7470779419
71.5535430908,174.398605347,99.7675628662
71.5550308228,174.378387451,99.7737426758
71.5585403442,174.330657959,99.7883377075
71.5618133545,174.28604126,99.8019790649
71.5595245361,174.183731079,99.9059677124
71.557472229,174.09197998,99.9992294312
71.5558395386,174.019378662,100.073020935
71.5542526245,173.948455811,100.145118713
71.5637130737,173.927856445,100.162368774
71.6611709595,173.584869385,100.158401489
71.747543335,173.482116699,100.282394409
71.8429794312,173.429656982,100.393447876
71.8740158081,173.333602905,100.339996338
71.9295654297,173.207931519,100.268821716
71.9740371704,173.196044922,100.371101379
72.1063842773,173.167999268,100.52999115
72.1993408203,173.143112183,100.597831726
72.3130874634,173.167755127,100.722351074
72.4024810791,173.193237305,100.821784973
72.4751434326,173.232925415,100.910568237
72.5476150513,173.272491455,100.99911499
72.6198348999,173.330337524,101.097206116
72.6792526245,173.377914429,101.177902222
72.6994018555,173.627944946,101.292793274
72.7482376099,173.809692383,101.283721924
72.7867431641,173.95300293,101.276565552
72.7866592407,173.976577759,101.296028137
72.6841278076,173.12651062,100.587356567
72.6523513794,172.421661377,99.9683837891
72.6085739136,172.058959961,99.8561019897
72.7723312378,171.942062378,99.8249664307
72.4121932983,171.003860474,98.9914245605
72.5088806152,170.973587036,98.9600601196
72.6074295044,170.950485229,98.9619674683
72.7353668213,170.956069946,98.9988632202
73.194770813,171.043563843,99.4231872559
73.6345748901,171.127334595,99.8294143677
73.7189941406,171.109085083,99.7824478149
73.9732666016,171.152557373,100.0779953
74.1979446411,171.184417725,100.226112366
74.5344238281,171.272918701,100.467445374
74.6150512695,171.294128418,100.525268555
74.7268829346,171.323532104,100.605476379
75.0481719971,170.91835022,101.745254517
75.4715423584,170.917633057,102.997894287
75.8031387329,170.993988037,103.695274353
76.1305084229,171.072509766,104.326889038
76.2159194946,171.07359314,104.573669434
76.3268203735,171.048583984,104.675247192
76.4070968628,171.032669067,104.742683411
76.4903335571,170.889953613,104.864906311
76.5515365601,170.773025513,104.952285767
76.5770111084,170.691070557,104.997512817
76.549331665,170.663848877,104.960067749
76.5215377808,170.628738403,104.919647217
76.6354370117,170.633880615,105.334762573
76.6626358032,170.620895386,105.354110718
76.6610107422,170.610870361,105.348953247
76.6598739624,170.600402832,105.307815552
76.6685333252,170.593460083,105.291526794
76.6845245361,170.594818115,105.251739502
76.7037353516,170.591400146,105.157997131
76.6865692139,170.554702759,105.094841003
76.6603469849,170.418319702,104.861854553
76.6720962524,170.295166016,104.662643433
76.6800460815,170.211807251,104.527770996
76.7227401733,170.150970459,104.308685303
76.7576293945,170.104034424,104.215560913
76.7803726196,169.786834717,103.946113586
76.8334350586,169.806365967,103.934997559
73.0674362183,165.891387939,111.824699402
71.2207946777,164.0440979,115.605789185
69.8061752319,164.048553467,116.674812317
69.7230224609,164.202468872,116.899375916
69.2624206543,164.59022522,117.767799377
69.2928237915,164.691482544,118.020080566
69.2776184082,164.694976807,118.075828552
69.2372131348,164.711227417,118.156410217
69.3515472412,164.787475586,118.468406677
69.4895553589,164.869155884,118.832862854
69.5024337769,165.016342163,119.245498657
69.5238723755,165.063812256,119.380897522
69.1131896973,164.919906616,119.409553528
69.1193695068,164.91569519,119.429664612
69.1148605347,164.923522949,119.472801208
69.1208267212,164.930114746,119.512405396
69.1476211548,164.932540894,119.550514221
68.5712738037,164.921966553,119.605911255
68.5828781128,164.923690796,119.610694885
68.7957000732,164.970230103,119.747138977
68.7983856201,164.951446533,119.75466156
68.7551956177,164.914779663,119.781944275
68.8445510864,164.99848938,119.926864624
68.865524292,165.010162354,119.936454773
68.86378479,165.019073486,119.940353394
68.8337478638,165.065155029,119.945358276
68.7908477783,165.128189087,119.957321167
68.9122161865,165.42515564,120.231506348
68.8719558716,165.510177612,120.249862671
68.9556121826,165.742080688,120.463066101
69.1106033325,166.002212524,120.712776184
69.4082565308,166.396636963,121.398391724
69.6136169434,166.74861145,121.893501282
69.7556381226,166.978317261,122.209465027
69.8478927612,167.1275177,122.414718628
69.9248886108,167.252029419,122.586013794
69.9512557983,167.294677734,122.644668579
69.9989624023,167.371841431,122.750808716
70.0310974121,167.423812866,122.822303772
70.0565109253,167.464904785,122.878845215
68.7729263306,166.701156616,122.056129456
67.7984237671,165.577194214,120.711151123
68.033782959,165.648025513,121.105628967
68.8081588745,166.412109375,122.770851135
69.1842269897,166.61857605,123.287620544
69.9785308838,166.907028198,123.960746765
70.4205551147,167.029067993,124.322990417
70.6547241211,167.093719482,124.514900208
70.8144989014,167.137832642,124.645835876
71.0963821411,167.108505249,124.721801758
71.322303772,167.084991455,124.782691956
71.4725723267,167.069366455,124.823188782
71.6032409668,167.055755615,124.858398438
71.72315979,167.043289185,124.890716553
71.7562713623,167.041381836,124.905654907
71.7965164185,167.040542603,124.960227966
71.8482055664,167.033309937,125.057601929
71.9673309326,167.037033081,125.173416138
72.013168335,167.03527832,125.254264832
72.0297546387,167.031539917,125.31489563
72.001625061,167.063598633,125.454162598
72.0112304688,167.134017944,125.58706665
72.0645446777,167.241653442,125.694869995
72.2201538086,167.328872681,125.723876953
72.3704147339,167.383865356,125.734886169
72.5523986816,167.405960083,125.730491638
72.6970596313,167.417709351,125.726585388
72.8114242554,167.427001953,125.723503113
72.9556503296,167.460586548,125.797424316
73.0529098511,167.490615845,125.866844177
73.1224136353,167.512084961,125.916442871
73.1540222168,167.532028198,125.969589233
73.179725647,167.54826355,126.012817383
73.2022705078,167.562484741,126.050712585
73.1861801147,167.566040039,126.091033936
73.1714935303,167.56930542,126.127861023
73.0985183716,167.436447144,126.219177246
73.1232452393,167.389129639,126.272697449
73.1434555054,167.350448608,126.316436768
73.1603546143,167.318099976,126.353027344
73.1763916016,167.287399292,126.387741089
73.1876525879,167.265853882,126.412109375
73.2001724243,167.241897583,126.439201355
73.2105789185,167.221984863,126.461723328
73.2152175903,167.205322266,126.480171204
73.2193756104,167.190414429,126.496681213
73.2234191895,167.175918579,126.51272583
73.2267837524,167.163833618,126.526107788
73.2298660278,167.152786255,126.538330078
73.1984634399,167.121170044,126.5520401
72.9554672241,166.899795532,126.524971008
72.7665786743,166.656005859,126.429168701
72.6043014526,166.376861572,126.285545349
72.4822311401,166.166870117,126.177497864
72.377166748,166.002914429,126.090568542
72.266998291,165.852416992,126.005180359
72.2354660034,165.786743164,125.959411621
72.3256378174,165.829391479,125.914047241
72.3007125854,165.794677734,125.864387512
72.286277771,165.754379272,125.838233948
72.3350219727,165.838241577,125.849487305
72.4835205078,165.936599731,125.862365723
72.6181106567,166.281997681,126.027824402
72.6878738403,166.455718994,126.108833313
72.8112030029,166.750061035,126.255973816
72.8915481567,166.867050171,126.371826172
73.1467132568,166.95916748,126.363136292
73.3762435913,167.029724121,126.338371277
73.5907897949,167.110168457,126.305145264
73.7011108398,167.151260376,126.285072327
73.6669006348,167.16569519,126.327842712
73.6235351562,167.18862915,126.375572205
73.6005554199,167.20741272,126.402687073
73.5732727051,167.227279663,126.426208496
73.5232543945,167.269287109,126.468788147
73.5014648438,167.310211182,126.441925049
73.4860229492,167.342422485,126.420883179
73.4639205933,167.353713989,126.426353455
73.4354400635,167.379867554,126.431114197
73.3173751831,167.309631348,126.46131134
73.3215866089,167.259979248,126.442504883
73.3269348145,167.210525513,126.420509338
73.2523803711,167.139877319,126.418945312
73.1226501465,167.058654785,126.418937683
72.8506088257,166.958496094,126.365318298
72.6327133179,166.885574341,126.335777283
72.1952819824,166.730300903,126.218696594
71.8411178589,166.751037598,126.205337524
71.4372711182,166.692626953,126.185325623
71.2274627686,166.663726807,126.152839661
70.9443817139,166.56703186,126.091140747
70.5767211914,166.443466187,125.951431274
70.2477798462,166.33291626,125.826431274
70.1598510742,166.303359985,125.793022156
69.9091873169,166.273361206,125.75352478
69.540687561,166.188827515,125.725624084
69.2484130859,166.073272705,125.165885925
68.989074707,165.959518433,124.744415283
68.4538726807,165.733596802,124.459083557
68.1675949097,165.781677246,124.275863647
68.0985794067,166.03855896,124.259841919
67.9233016968,166.073730469,124.156730652
67.8756561279,166.19152832,124.314422607
67.7556228638,166.298156738,124.484832764
67.6122894287,166.387069702,124.600975037
67.5059967041,166.458877563,124.659194946
67.3297653198,166.512496948,124.722755432
67.1563262939,166.555252075,124.741256714
66.9433822632,166.530792236,124.734649658
66.6645584106,166.539337158,124.699867249
66.2741622925,166.592193604,124.668228149
65.9043502808,166.661209106,124.721351624
65.4275512695,166.778457642,124.79763031
65.1386642456,166.887527466,124.83631134
64.826789856,167.004882812,124.880058289
64.5211486816,167.128005981,124.932907104
64.185508728,167.248016357,125.002853394
63.8907661438,167.422790527,125.124855042
63.8092727661,167.60357666,125.084312439
63.7597961426,167.713348389,125.059700012
63.7178726196,167.806350708,125.038841248
63.6744995117,167.889938354,125.021278381
63.6405525208,167.955383301,125.007537842
63.5922546387,167.982467651,125.00365448
63.505065918,167.99041748,125.019142151
63.4468650818,167.992553711,125.039138794
63.3081932068,168.031066895,125.033943176
63.143611908,168.089324951,125.047309875
62.8357925415,168.062225342,125.103553772
62.4029502869,168.059677124,125.179550171
61.9173698425,168.056808472,125.264808655
61.628238678,168.055114746,125.315574646
61.1770935059,168.497085571,125.331260681
60.8311042786,168.836044312,125.343292236
60.6286392212,169.034393311,125.350334167
60.4712028503,169.18862915,125.355812073
60.4206771851,169.170761108,125.388168335
60.1664657593,169.076248169,125.49760437
60.0318565369,169.021682739,125.550933838
59.9192047119,168.976013184,125.595565796
59.8746833801,168.95425415,125.617134094
59.1280059814,168.387115479,125.107887268
58.8469390869,168.095108032,124.784042358
58.5639724731,167.907501221,124.576187134
58.3941459656,168.795547485,123.998634338
58.0543556213,168.724487305,123.814956665
57.9131011963,168.878799438,123.720458984
57.1487846375,168.500808716,122.658859253
57.1625022888,168.508590698,122.680763245
57.1386413574,168.507614136,122.718406677
55.4871330261,167.409057617,120.4243927
55.0319519043,167.473175049,119.63899231
54.4629173279,167.376251221,119.175704956
54.40832901,167.429763794,119.19090271
54.1995887756,167.452758789,119.137008667
54.1867675781,167.578369141,119.163619995
54.1640281677,167.689041138,119.190437317
53.8498497009,167.664978027,119.30581665
53.4080047607,167.576782227,119.457679749
52.8442878723,167.503234863,119.705093384
52.8253936768,167.503921509,119.673927307
51.8704223633,164.795120239,118.210021973
51.4696769714,164.111572266,117.456733704
51.4780654907,163.795974731,116.52835083
51.4913902283,163.8046875,116.561775208
51.4815559387,163.787872314,116.624526978
51.8727645874,164.578384399,117.143417358
51.5987167358,165.056549072,118.223983765
51.5901756287,165.104049683,118.456878662
51.7768630981,165.171508789,118.403198242
51.2896385193,165.021743774,117.571739197
50.9057769775,165.539627075,116.90297699
50.539604187,166.533096313,116.009315491
50.3193817139,167.130569458,115.471855164
50.1905555725,167.48008728,115.157455444
50.1079483032,167.704208374,114.955848694
50.0969772339,167.81036377,114.861755371
49.9725532532,169.536849976,109.156730652
47.503276825,170.000671387,104.633506775
45.2458839417,170.299407959,103.395950317
45.0211868286,170.329147339,103.272766113
44.3721961975,168.951309204,104.053115845
44.8565673828,167.565338135,105.69618988
46.4666976929,165.00567627,107.344650269
46.63048172,163.794647217,108.362182617
47.976146698,164.093521118,109.353591919
47.8534927368,163.970489502,110.442024231
47.854385376,163.141555786,111.634315491
48.1098632812,162.542999268,112.960350037
47.9405250549,161.414596558,114.600158691
47.6729812622,160.7527771,115.512512207
47.5829620361,160.661193848,115.754653931
47.6921043396,160.463607788,115.993217468
48.0549201965,160.426834106,116.590576172
48.2268676758,160.542785645,117.5885849
48.6922149658,161.772583008,120.313034058
49.0404853821,162.483963013,121.839485168
49.9850502014,163.033035278,123.275650024
50.4402313232,163.466278076,123.964370728
50.6983070374,164.061462402,124.386520386
50.8531494141,164.418579102,124.639808655
50.9582176208,164.322387695,124.919265747
50.8344993591,164.04649353,125.393203735
50.8163146973,163.939483643,125.629592896
50.971496582,163.785186768,125.791366577
50.9425163269,163.743423462,125.832954407
50.9650726318,163.688903809,125.855659485
50.9806861877,163.651153564,125.871376038
50.9970855713,163.611526489,125.887886047
51.0117530823,163.576065063,125.902656555
51.0102386475,163.564880371,125.903175354
51.0866966248,163.455062866,125.869926453
51.0431938171,163.452941895,125.768737793
51.0606155396,163.457107544,125.526504517
51.0548057556,163.429428101,125.436439514
50.7636604309,163.204727173,125.058456421
50.7593231201,162.991134644,124.890632629
50.7437133789,162.914108276,124.820846558
50.4800109863,162.771102905,124.79258728
50.3806343079,162.679962158,124.784294128
50.2601776123,162.50201416,124.811080933
50.1713676453,162.438415527,124.870811462
50.1331062317,162.462799072,124.971473694
50.1082992554,162.478622437,125.036727905
50.128452301,162.67868042,125.344810486
50.0590553284,162.942184448,126.147064209
50.0595855713,163.21333313,126.771331787
50.0612297058,163.209579468,126.702987671
50.1524009705,163.202514648,126.481796265
50.2209739685,163.230041504,126.382720947
50.2220993042,163.222442627,126.352485657
50.0787162781,163.14881897,125.961898804
49.9853134155,163.110641479,125.798713684
49.5767707825,163.042877197,125.493553162
49.2580413818,162.943130493,125.240852356
49.0620384216,162.885299683,125.047294617
48.8672447205,162.852584839,124.942481995
48.4525260925,162.718185425,124.847549438
48.2077064514,162.698654175,124.84287262
47.902179718,162.745651245,124.914390564
47.7948646545,162.743606567,124.879829407
47.6655883789,162.788345337,124.825561523
47.5330848694,162.706085205,124.743904114
47.3331871033,162.539001465,124.49005127
47.1025428772,162.4246521,124.264556885
46.865486145,162.312042236,124.080543518
46.7746124268,162.234863281,123.932701111
46.4280548096,162.120620728,123.707473755
46.2928848267,162.061981201,123.673622131
45.6283836365,162.128372192,123.643264771
44.9142951965,161.966812134,123.386558533
44.4446296692,161.860549927,123.217720032
44.1092338562,161.769821167,123.058959961
44.0666694641,161.748657227,123.006080627
43.9846382141,161.6300354,122.931213379
43.9414138794,161.567520142,122.891769409
43.7790145874,161.552246094,122.919509888
43.7401504517,161.593948364,123.028182983
43.7103309631,161.625946045,123.111564636
43.7224082947,161.628921509,123.14932251
43.7152671814,161.639801025,123.162200928
43.6377220154,161.729293823,123.206459045
43.6262626648,161.75718689,123.237045288
43.6400108337,161.84602356,123.227928162
43.6525497437,161.979812622,123.205039978
43.6623878479,162.084747314,123.187088013
43.377281189,162.07321167,123.3645401
42.7876739502,161.999008179,123.80973053
42.8020744324,161.098144531,124.05947113
43.579875946,160.438339233,123.928543091
44.0832138062,160.011367798,123.843818665
43.6511688232,160.311813354,123.672042847
43.5776939392,160.448425293,123.514198303
43.3577003479,160.580551147,123.371582031
43.4100418091,160.575790405,123.150260925
43.4913368225,160.632751465,123.144523621
43.5534439087,160.67628479,123.140144348
43.670463562,160.704727173,123.061691284
43.7139396667,160.716598511,123.030250549
43.7613677979,160.729537964,122.995956421
43.8022727966,160.740707397,122.966377258
45.5761756897,161.122268677,121.422119141
46.5417251587,161.329940796,120.581573486
47.2264328003,161.510177612,120.00353241
47.5365867615,161.591827393,119.741691589
47.7872581482,161.657806396,119.530075073
47.8815116882,161.682617188,119.450500488
47.9851112366,161.709884644,119.363037109
48.0792274475,161.734664917,119.283584595
48.1267700195,161.77243042,119.191574097
48.1645698547,161.802459717,119.118423462
48.1970291138,161.828231812,119.055603027
48.2258415222,161.851119995,118.999847412
48.2520446777,161.871932983,118.949134827
48.2604637146,161.878616333,118.932846069
48.2857704163,161.898727417,118.883865356
48.301815033,161.911468506,118.852813721
48.3157615662,161.922546387,118.825820923
48.3282546997,161.9324646,118.801643372
48.3451919556,161.945922852,118.768875122
48.3502349854,161.949935913,118.759109497
48.3594322205,161.957229614,118.74131012
48.3679924011,161.964035034,118.724739075
48.375831604,161.97026062,118.709571838
48.3831367493,161.976074219,118.69543457
48.3898658752,161.981414795,118.682411194
48.3960952759,161.986358643,118.670349121
48.4030456543,161.991882324,118.656906128
48.4060707092,161.994277954,118.651054382
48.412361145,161.999282837,118.638877869
48.4173583984,162.003250122,118.629203796
48.4217720032,162.006759644,118.620666504
48.4260139465,162.010116577,118.612457275
48.4313850403,162.014389038,118.602058411
48.4336967468,162.016220093,118.597587585
48.4373703003,162.01914978,118.59047699
48.4410362244,162.02204895,118.583381653
48.5127563477,162.028640747,118.516967773
48.5836143494,162.035140991,118.45135498
48.638671875,162.038619995,118.385864258
48.6397781372,162.027908325,118.324943542
48.6393089294,162.017333984,118.183807373
48.6389083862,162.008346558,118.063735962
48.6384544373,161.998214722,117.928314209
48.6383972168,161.996887207,117.910583496
48.6381378174,161.991104126,117.833305359
48.6378669739,161.984954834,117.751228333
48.6376991272,161.981262207,117.701789856
48.6375579834,161.978057861,117.659004211
48.6374320984,161.975250244,117.621490479
48.6373214722,161.972763062,117.588241577
48.6372146606,161.970397949,117.556724548
48.6371154785,161.968154907,117.526809692
48.6370697021,161.967132568,117.513092041
48.6369781494,161.965026855,117.484954834
48.6369056702,161.9634552,117.463912964
48.636844635,161.962036133,117.445045471
48.6367874146,161.960769653,117.428146362
48.6367340088,161.959564209,117.412063599
48.636680603,161.958374023,117.396026611
48.6366348267,161.957305908,117.381782532
48.6366081238,161.956710815,117.373764038
48.6365585327,161.955596924,117.358901978
46.9930877686,163.643798828,115.352333069
46.0336532593,164.629348755,114.180931091
45.5689430237,165.165405273,113.625160217
44.8248977661,165.747467041,113.127403259
43.8475379944,166.962646484,112.025489807
41.0586357117,168.655273438,111.72895813
40.1388435364,169.213516235,111.631156921
39.548084259,169.572052002,111.568344116
39.3571586609,169.687927246,111.548042297
39.1979370117,169.784561157,111.531112671
39.0753173828,169.858978271,111.518081665
38.9729652405,169.921112061,111.507194519
38.8748397827,169.980651855,111.496765137
38.8328132629,170.006164551,111.492294312
38.7799606323,170.038238525,111.486671448
38.74036026,170.062271118,111.482460022
38.6947212219,170.089981079,111.477607727
38.6596183777,170.111282349,111.473876953
38.6285400391,170.130142212,111.470573425
38.600566864,170.147125244,111.467597961
38.5755767822,170.16229248,111.464942932
38.5479354858,170.17906189,111.462005615
38.5400428772,170.183853149,111.461166382
38.5089797974,170.202713013,111.457862854
38.4973106384,170.209793091,111.456619263
38.4819602966,170.219100952,111.454986572
38.4674415588,170.227920532,111.453445435
38.4539451599,170.236114502,111.452011108
38.4375114441,170.246078491,111.450263977
38.4357643127,170.247146606,111.450080872
38.4158973694,170.25920105,111.447967529
38.4087905884,170.263519287,111.447212219
38.3993148804,170.269256592,111.446205139
38.3904724121,170.274627686,111.445259094
38.3819999695,170.279769897,111.444358826
38.3721466064,170.285751343,111.443313599
38.3686485291,170.287872314,111.442939758
38.3593978882,170.293487549,111.441955566
38.4811630249,170.360687256,111.343475342
38.3954696655,170.618804932,111.251296997
38.1789283752,171.150909424,111.178985596
38.0247344971,171.529815674,111.127494812
37.9220733643,171.782073975,111.093208313
37.8503837585,171.958251953,111.069267273
37.7895698547,172.107681274,111.048957825
37.7075042725,172.200500488,111.115631104
37.5377616882,172.392044067,111.229797363
37.4216079712,172.523117065,111.307914734
37.3005104065,172.62461853,111.366500854
37.2049331665,172.704742432,111.412734985
37.1280708313,172.769180298,111.449913025
37.0667495728,172.820587158,111.47958374
37.0135917664,172.865142822,111.5052948
37.0518836975,172.907516479,111.460487366
37.1354560852,172.962982178,111.366912842
37.2278022766,173.007171631,111.188156128
37.390663147,173.041503906,110.925231934
37.4134483337,173.062728882,110.802032471
37.366153717,173.096679688,110.735176086
37.3264541626,173.125167847,110.67906189
37.2928085327,173.14932251,110.631500244
37.2613296509,173.171920776,110.587005615
37.2412185669,173.186355591,110.558570862
37.2169303894,173.203796387,110.524238586
37.1973838806,173.217819214,110.496612549
37.1798820496,173.230392456,110.471870422
37.1645698547,173.241378784,110.45022583
37.1503982544,173.251541138,110.430198669
37.1540336609,173.263793945,110.391235352
37.1573104858,173.274841309,110.356109619
37.1367454529,173.277206421,110.344093323
37.1224250793,173.27885437,110.335723877
37.1063728333,173.280685425,110.326339722
37.0909957886,173.282455444,110.317352295
37.0768241882,173.284088135,110.309066772
37.0901908875,173.288635254,110.278450012
37.1561203003,173.298995972,110.272216797
37.1611595154,173.309036255,110.291656494
37.1658935547,173.318466187,110.309898376
37.2231674194,173.334915161,110.339378357
37.2439155579,173.357376099,110.409385681
37.254070282,173.368362427,110.443649292
37.2096786499,173.413345337,110.548400879
37.182674408,173.440704346,110.612129211
37.1552772522,173.468460083,110.676780701
37.1339645386,173.49005127,110.72706604
37.0196075439,173.415893555,110.946205139
36.9241218567,173.353973389,111.129180908
36.8394355774,173.299057007,111.291465759
36.8037147522,173.275894165,111.359916687
36.7177619934,173.004089355,111.595733643
36.6578788757,172.814743042,111.760025024
36.6133384705,172.673904419,111.882225037
36.5805854797,172.570327759,111.972084045
36.5921859741,172.503890991,112.011436462
36.5966720581,172.456634521,112.046195984
36.6282196045,172.416793823,112.071990967
36.6169662476,172.396743774,112.124519348
36.8129768372,172.366226196,112.140800476
36.9663734436,172.476135254,112.08013916
37.102722168,172.592208862,112.028244019
37.2953910828,172.768371582,111.913124084
37.7201309204,173.203536987,111.884536743
37.8066673279,173.165023804,112.099250793
38.1577072144,173.249267578,112.003463745
38.2110176086,173.384628296,111.858139038
39.0970611572,173.186599731,111.04057312
39.6313400269,173.21131897,110.424835205
39.7961006165,173.160446167,110.347473145
39.8365058899,173.147979736,110.32849884
40.9244155884,173.400482178,109.460136414
44.6361351013,170.987380981,109.829360962
46.5470657349,169.745025635,110.019447327
47.8319320679,169.165405273,110.690628052
48.3621292114,168.943466187,110.918449402
49.4174423218,168.538208008,110.759803772
50.0329551697,168.301849365,110.667274475
50.1424217224,168.176849365,110.618202209
50.2033996582,168.107223511,110.590858459
50.074798584,168.09046936,110.488563538
49.6460494995,168.105377197,110.090835571
49.343372345,167.684143066,109.366996765
49.1880302429,167.437438965,108.844474792
49.4042129517,166.991256714,108.46131134
49.5545768738,166.680908203,108.194801331
49.7509689331,165.89994812,112.256271362
49.1094932556,166.370605469,116.981338501
51.6539039612,167.252807617,120.675216675
52.6261520386,167.589904785,122.08669281
52.7316436768,167.797058105,122.362358093
78.6266021729,161.551422119,101.704345703
78.5632553101,161.494873047,101.739151001
78.5852127075,161.410552979,101.798439026
79.1334686279,161.601989746,102.569206238
81.7138214111,162.668777466,111.125549316
81.6862411499,162.531555176,112.620758057
81.9394836426,162.444854736,113.304031372
82.1741104126,162.356277466,113.681632996
82.4718322754,162.102508545,114.273918152
82.8135223389,162.111923218,114.786872864
83.4723892212,162.10647583,115.643814087
83.6360168457,161.820343018,116.035591125
83.6091995239,161.461746216,116.154273987
83.8119659424,161.576019287,117.114082336
83.9090423584,161.539596558,117.643669128
83.9324569702,161.48487854,117.886116028
84.177986145,161.146621704,117.792732239
84.41847229,160.61680603,117.690162659
84.6660919189,159.576812744,117.892318726
84.972694397,158.848999023,118.53024292
85.3233642578,160.474349976,119.459831238
85.4353561401,161.497406006,120.042205811
87.9521408081,162.466705322,123.532783508
89.4774627686,162.90083313,126.27091217
90.6514205933,162.89932251,127.832435608
95.523475647,162.215057373,128.843292236
102.598320007,164.746185303,130.789276123
103.657226562,160.172119141,130.575531006
103.948394775,158.057922363,130.518356323
105.812522888,154.125076294,129.825561523
107.794425964,151.743560791,129.742828369
105.822715759,150.433166504,130.35005188
105.903427124,150.227554321,130.925933838
111.01991272,150.158889771,132.046478271
110.581726074,149.242233276,132.275787354
112.751548767,149.158966064,131.600540161
114.565109253,145.262542725,129.565841675
116.020294189,144.166549683,130.477706909
119.546432495,143.725067139,126.946800232
119.240745544,143.802215576,127.561309814
118.043304443,146.753555298,126.457168579
118.346908569,146.664489746,126.114181519
124.868026733,141.745117188,127.914855957
128.870834351,141.263824463,128.664611816
128.635131836,141.442565918,129.254882812
127.528526306,141.495223999,129.659591675
126.075408936,140.61315918,134.224227905
103.142623901,170.981216431,119.417366028
102.990699768,170.641387939,119.796264648
101.977249146,169.443572998,120.553634644
101.404197693,168.874298096,121.132598877
100.181060791,167.590637207,121.337936401
100.213546753,167.099746704,121.457176208
99.2511444092,166.110641479,121.044578552
