-14.3264808655,403.098327637,169.534805298
-14.3106412888,403.109985352,169.506240845
-14.357843399,403.35534668,168.906814575
-14.3988695145,403.568603516,168.38583374
-15.2167921066,404.078338623,167.537704468
-16.0752105713,404.613342285,166.647583008
-15.8875732422,405.334991455,166.090484619
-15.7253475189,405.958892822,165.608825684
-15.5970964432,406.369049072,165.205337524
-15.3867864609,407.041656494,164.543670654
-15.018579483,406.748840332,163.360229492
-15.1088085175,406.412475586,162.270019531
-15.1586084366,406.226837158,161.668319702
-15.5604743958,406.128479004,161.046966553
-15.8279619217,406.063018799,160.633377075
-15.9916563034,406.022979736,160.380279541
-17.7333393097,402.061279297,155.748947144
-18.2562465668,403.338226318,154.543197632
-18.324962616,403.236358643,154.175521851
-18.3409080505,403.642303467,153.424606323
-18.6181869507,404.772277832,151.738876343
-18.5984840393,403.259918213,150.56942749
-18.7610149384,403.187744141,149.759384155
-18.5911140442,403.334411621,149.243362427
-18.4896335602,403.602905273,148.770507812
-18.3658485413,404.081329346,148.455322266
-18.238325119,404.226654053,146.059951782
-18.2720489502,404.690124512,144.958602905
-18.22498703,404.278991699,143.823440552
-18.2482967377,405.50491333,143.168029785
-18.186668396,405.909790039,142.723587036
-18.1702060699,405.971954346,142.327102661
-18.3013362885,405.40838623,142.028839111
-18.4710903168,405.370178223,141.7915802
-18.2537174225,405.706878662,141.134765625
-18.3140792847,405.65322876,140.612060547
-18.5202941895,405.854949951,140.213592529
-18.4255962372,406.075805664,139.959091187
-18.3992290497,406.15133667,139.342407227
-18.3031482697,406.43963623,139.060455322
-18.3462295532,405.209259033,138.14781189
-18.5488815308,405.206512451,137.683013916
-18.6215934753,405.480102539,137.353591919
-18.6126060486,406.176269531,136.722915649
-18.8543205261,406.328094482,136.31300354
-18.9866256714,406.401763916,135.990127563
-19.2543296814,406.526702881,135.478286743
-19.635602951,405.841491699,134.85269165
-19.8047485352,405.717010498,133.94367981
-19.7667598724,406.056915283,133.32081604
-19.6294879913,405.464294434,132.097930908
-19.4062404633,405.19229126,131.585754395
-19.4359111786,404.956970215,131.15222168
-19.3662281036,404.999237061,130.837524414
-19.334859848,404.095275879,129.900283813
-19.4589939117,403.219726562,129.105636597
-19.6763496399,403.277130127,128.807296753
-19.9546966553,403.449188232,128.510787964
-20.1013946533,403.477233887,128.240127563
-20.1816158295,403.309265137,128.06086731
-20.0224323273,402.664306641,127.263420105
-19.9101676941,402.338989258,125.373527527
-19.9121017456,402.050964355,124.274368286
-19.7876815796,402.022705078,123.642173767
-19.777425766,401.810546875,123.31061554
-19.7472019196,401.758514404,123.132774353
-19.7461433411,401.983673096,123.050010681
-19.9435558319,402.04977417,122.662658691
-19.9710655212,401.949645996,122.367515564
-20.0543174744,401.318023682,121.667579651
-19.9868965149,401.17767334,121.025482178
-20.0790290833,400.829925537,120.523674011
-20.2118453979,400.544250488,119.874984741
-20.3880615234,400.323364258,118.94871521
-20.5732898712,400.099700928,118.242782593
-20.897901535,400.025817871,117.490913391
-21.0163230896,399.99810791,116.828102112
-21.1976318359,401.010040283,115.462936401
-21.3225021362,401.288574219,114.755477905
-21.4630775452,401.451690674,114.025054932
-21.6585445404,401.639190674,113.208625793
-21.6604099274,401.318115234,112.322883606
-21.632062912,401.128845215,111.699554443
-21.6300373077,401.2315979,111.199356079
-21.8234596252,401.703857422,110.448883057
-21.9134960175,401.663635254,109.804740906
-22.0487213135,401.359771729,108.701957703
-22.044713974,400.98550415,107.58568573
-22.4360809326,400.696350098,105.830589294
-22.4960670471,400.821868896,105.098251343
-22.6243076324,401.192657471,104.579109192
-22.4509353638,401.080963135,103.971130371
-22.213476181,400.570831299,102.640106201
-22.1748256683,400.428375244,101.32598877
-22.1006393433,400.927368164,100.670448303
-22.1302661896,401.524719238,100.258506775
-22.2651901245,401.953125,99.716583252
-22.2876338959,401.841491699,99.2758636475
-22.2418498993,401.786956787,99.0613479614
-22.1390895844,401.732727051,98.8558044434
-22.0397548676,401.934570312,98.4781188965
-21.9256134033,402.135314941,98.0739746094
-21.824092865,401.968048096,97.1724472046
-21.489107132,401.861175537,96.15184021
-21.3853111267,401.81072998,95.2478790283
-21.4367446899,402.125854492,94.7366485596
-21.4350070953,402.012786865,94.3043670654
-21.6391487122,401.866729736,93.5937347412
-21.7669849396,403.020965576,92.3912658691
-22.2015972137,404.240661621,91.1150588989
-22.2616062164,403.697509766,90.1158065796
-22.1442813873,403.361602783,89.2460632324
-22.5413303375,402.287109375,87.8670730591
-22.8620147705,402.095245361,86.730430603
-23.3992328644,401.537017822,84.8432312012
-24.1832580566,400.000183105,83.1445617676
-25.1012420654,399.13949585,82.3065719604
-27.2006244659,397.86428833,78.6038513184
-28.0818595886,397.962799072,77.2595977783
-28.5708961487,398.585723877,76.5397338867
-29.506690979,399.845184326,75.3980484009
-30.0117301941,399.890716553,74.2214660645
-30.6400337219,400.541046143,73.1245651245
-31.6570987701,400.986907959,69.7236862183
-31.9465389252,400.136352539,68.1666717529
-32.3780517578,400.762145996,67.0917816162
-32.3989181519,401.142150879,66.2872848511
-32.1906471252,401.140808105,64.4147491455
-31.9937362671,400.277893066,61.906452179
-31.769575119,399.695556641,60.7071228027
-31.3594074249,397.383087158,58.4951057434
-31.3259544373,395.794189453,56.1101875305
-31.1997184753,395.822174072,53.302482605
-31.4242858887,395.278442383,50.7993202209
-32.0160522461,394.982910156,48.8899002075
-32.6748352051,394.371704102,46.8951721191
-33.1189956665,393.439727783,45.2419815063
-33.5041770935,392.767120361,43.7878189087
-34.0167655945,393.266937256,41.877571106
-34.2788925171,393.556884766,39.5340423584
-34.3077011108,393.758483887,38.09400177
-34.2767944336,393.51953125,37.5661811829
-34.0799102783,392.839660645,36.5483016968
-34.5616760254,392.210083008,34.5246009827
-34.7899360657,391.126434326,32.4223175049
-35.6289558411,390.852508545,30.0490951538
-35.8745422363,390.97354126,28.492275238
-35.9759368896,391.67276001,27.2010135651
-35.6396026611,391.666564941,24.9684848785
-35.1085205078,392.05090332,23.0695991516
-34.5849838257,391.844116211,21.1324768066
-34.5435714722,391.943756104,18.0241661072
-34.0940170288,390.950500488,15.6279649734
-34.086807251,390.734191895,13.8768320084
-34.2111091614,391.442504883,13.0090608597
-34.4464187622,392.112609863,11.6172676086
-33.7842826843,391.776702881,8.26509380341
-33.5248260498,392.196868896,6.31905841827
-33.2667808533,393.0831604,4.14262914658
-33.1031837463,393.550506592,3.35978937149
-32.8133926392,393.858123779,1.5369284153
-32.104839325,393.671813965,0.294003337622
-31.7799434662,394.374359131,-1.20291233063
-30.9848861694,394.869628906,-3.53353214264
-30.3201179504,394.620758057,-4.88840913773
-29.7464981079,395.047302246,-6.47068595886
-29.1826457977,395.785766602,-7.90585136414
-29.0010204315,396.129302979,-8.99112701416
-28.9433555603,396.09866333,-10.1958284378
-28.7118263245,395.677856445,-11.5418815613
-27.8131561279,395.469207764,-13.9065551758
-27.1513462067,395.586273193,-16.5532608032
-27.060798645,395.380767822,-17.6245613098
-27.0893611908,394.887969971,-18.632566452
-27.3307132721,394.418487549,-19.5430145264
-27.669965744,394.116790771,-20.5111141205
-28.0545349121,393.990203857,-21.4270858765
-28.5119419098,393.621917725,-22.9081554413
-28.1542720795,393.550048828,-24.6666183472
-28.0338420868,393.036743164,-27.0190258026
-28.3312282562,393.351165771,-33.3093338013
-28.3836898804,393.35925293,-34.8730697632
-28.2830371857,393.564300537,-35.6773948669
-28.3514900208,393.525634766,-37.0569953918
-28.1088123322,393.367401123,-39.9997444153
-27.7968273163,393.365234375,-42.6667366028
-28.3736286163,393.929168701,-44.3751487732
-28.1548633575,393.50177002,-46.3329162598
-27.89087677,393.077606201,-47.6133422852
-28.2024021149,393.827697754,-49.3116912842
-28.0360374451,394.585754395,-51.4753074646
-27.8210124969,393.346069336,-52.8257255554
-27.6626605988,392.701843262,-55.5154037476
-27.5950737,392.666595459,-56.9068641663
-27.5872936249,392.23739624,-57.8179969788
-27.6209869385,391.752044678,-59.7199401855
-27.3876075745,391.528106689,-60.8843650818
-27.0350780487,391.034881592,-62.6895370483
-27.1603946686,391.070281982,-64.4378356934
-27.2465419769,390.995819092,-65.5655822754
-27.1812229156,390.843017578,-66.3063659668
-27.1061630249,390.888000488,-67.1861419678
-27.3855895996,390.75491333,-68.3425445557
-27.7674617767,390.588012695,-70.3771362305
-27.4634456635,391.088043213,-72.4497299194
-27.3146705627,390.927856445,-73.1471710205
-27.4174880981,391.04498291,-74.37840271
-27.4696331024,390.664337158,-75.6522979736
-26.9661407471,390.067047119,-77.681892395
-27.0312805176,390.04788208,-79.3044815063
-26.9772148132,390.211334229,-80.5379257202
-27.0902500153,391.089202881,-82.5759811401
-27.0880718231,391.137664795,-84.2959289551
-26.811164856,390.040618896,-85.6694488525
-26.7655944824,389.519104004,-86.6886749268
-27.0465202332,389.89263916,-87.4314651489
-27.2163619995,390.079864502,-88.6221923828
-27.1485443115,389.713928223,-91.5424499512
-27.0198402405,389.106323242,-93.3956069946
-26.8264961243,388.806518555,-94.3599395752
-26.6385536194,388.496185303,-95.2761688232
-26.7821521759,387.633300781,-98.2009353638
-27.1954631805,387.06072998,-99.1463470459
-27.3825073242,387.01071167,-100.083251953
-27.7049636841,387.242034912,-100.759498596
-28.4828453064,388.359863281,-102.892684937
-29.0368824005,388.808441162,-104.079078674
-29.6789455414,389.101470947,-106.700012207
-29.9848957062,388.960784912,-107.697601318
-30.1164989471,387.891998291,-108.516410828
-30.4268703461,387.315551758,-110.042289734
-30.3484268188,386.05291748,-111.769447327
-30.019159317,385.938171387,-112.624702454
-29.5707778931,385.712554932,-114.480621338
-28.9390487671,385.076660156,-116.148483276
-28.3271522522,383.716766357,-116.989646912
-28.2182712555,383.102783203,-117.433097839
-28.2444477081,382.714691162,-117.773651123
-28.7453575134,381.032867432,-119.536018372
-29.008934021,380.776977539,-120.097862244
-29.2582988739,380.904632568,-120.709266663
-29.2929477692,380.289337158,-121.561096191
-29.3683300018,380.343780518,-121.897361755
-29.6798725128,380.722320557,-122.822631836
-30.0494556427,380.810211182,-124.461837769
-30.1198196411,380.916656494,-125.360069275
-30.3153896332,381.120178223,-125.766616821
-30.2779598236,381.276824951,-126.293891907
-30.3300991058,381.398040771,-126.65536499
-30.8160209656,382.016571045,-128.144454956
-30.7348022461,382.661499023,-128.562698364
-30.7492904663,382.706176758,-128.76272583
-30.6268634796,382.807891846,-129.207931519
-30.804479599,382.978729248,-130.505722046
-30.6683216095,382.787872314,-131.719161987
-30.5287761688,382.733825684,-132.674911499
-30.3882637024,382.349639893,-133.381362915
-29.7995815277,382.228088379,-135.9193573
-29.7549381256,382.523986816,-136.483306885
-29.7699661255,382.790252686,-137.15222168
-29.8126182556,382.797210693,-137.758682251
-30.155500412,383.293670654,-139.04246521
-30.492805481,383.276489258,-139.611251831
-30.6366081238,383.296356201,-139.977020264
-30.6743125916,383.278289795,-141.149887085
-30.6759548187,383.412750244,-142.061447144
-30.9783287048,383.348846436,-143.020233154
-31.0975322723,383.948791504,-144.730636597
-31.4031467438,384.47076416,-145.808364868
-31.6699447632,384.067810059,-146.524337769
-31.6810264587,382.313446045,-147.284683228
-31.4237251282,381.163208008,-149.464263916
-31.0289859772,381.262542725,-152.175704956
-31.2503032684,381.297393799,-152.78187561
-31.5305309296,381.041748047,-153.853057861
-31.5225887299,381.126434326,-154.499481201
-31.6936779022,381.781951904,-155.038757324
-31.6190280914,381.10168457,-155.926025391
-31.705696106,381.283996582,-156.447647095
-31.676607132,381.293701172,-157.291717529
-31.2189350128,380.274841309,-158.294998169
-30.7181091309,379.177154541,-159.988998413
-30.3904628754,378.755462646,-160.823486328
-30.278924942,378.800628662,-161.941055298
-30.0064678192,379.332183838,-165.061813354
-29.8401451111,378.6824646,-165.485076904
-29.6445121765,378.161193848,-165.713577271
-29.2996921539,377.844299316,-167.536315918
-29.3138771057,377.680786133,-168.373596191
-29.4551696777,377.624969482,-168.619537354
-29.3622570038,377.539550781,-168.811294556
-29.2863235474,377.106018066,-169.283416748
-29.0409469604,376.808929443,-170.545013428
-28.9828243256,377.42276001,-174.415756226
-28.4170856476,376.287994385,-176.215072632
-28.0964393616,375.820739746,-177.006347656
-27.9617099762,375.711914062,-177.043304443
-27.3019657135,375.857147217,-177.989273071
-26.5206661224,375.034088135,-179.735717773
-26.451461792,375.363433838,-179.856307983
-26.32380867,375.614379883,-180.033309937
-26.0645084381,375.435302734,-180.383926392
-25.4335250854,375.462463379,-181.209030151
-25.2477893829,375.010742188,-181.97328186
-24.806306839,374.605804443,-183.00012207
-24.6178379059,374.082580566,-183.827667236
-24.6153030396,373.442474365,-185.549621582
-24.1851024628,371.476654053,-190.504379272
-24.1604576111,370.422424316,-191.640579224
-24.2680702209,370.621032715,-192.784667969
-24.1369171143,370.429473877,-193.814666748
-24.1219215393,369.094390869,-194.160751343
-24.0958347321,368.989044189,-194.445587158
-24.1903781891,368.660186768,-194.783828735
-24.1201782227,367.877593994,-195.596450806
-23.9307937622,367.895172119,-195.976272583
-23.8926372528,368.193145752,-196.248764038
-24.0021152496,368.668823242,-196.906936646
-24.1471538544,368.581085205,-199.63999939
-23.7319412231,368.315490723,-201.265426636
-22.5845336914,366.783111572,-205.784301758
-22.7310676575,366.335723877,-205.480422974
-22.9301452637,366.695404053,-204.832565308
-23.1309661865,366.410888672,-205.172927856
-23.9619445801,364.975982666,-209.467544556
-23.9890918732,365.30682373,-209.967269897
-24.0034542084,365.275909424,-210.040710449
-23.8369846344,365.564422607,-210.750579834
-24.0295314789,366.132415771,-211.344940186
-24.2470855713,366.904052734,-211.688613892
-24.1198616028,367.145385742,-213.405410767
-23.9615955353,366.007263184,-214.861404419
-23.5820236206,364.67401123,-215.507873535
-23.7048530579,365.268005371,-214.657974243
-24.1707248688,365.916503906,-213.443786621
-23.8052101135,365.69241333,-213.254638672
-24.1024951935,365.509490967,-213.299987793
-23.1568107605,363.166046143,-216.339370728
-23.6240444183,366.247680664,-218.196502686
-23.4659862518,366.805145264,-218.432418823
-23.4626731873,366.773986816,-218.403808594
-22.5456314087,363.391265869,-218.227813721
-21.2188091278,362.664398193,-218.392272949
-21.0132255554,362.565856934,-222.164154053
-21.6184272766,362.662750244,-222.06300354
-21.6882591248,362.534423828,-221.923156738
-21.8892402649,360.728790283,-222.88621521
-20.817943573,359.040985107,-228.426818848
-20.5599708557,360.087799072,-229.281661987
-20.389749527,360.039916992,-229.44871521
-20.3445587158,360.0027771,-229.239212036
-19.9788398743,360.010253906,-229.221557617
-19.7045631409,360.286499023,-229.347610474
-19.4999370575,360.492584229,-229.441650391
-19.1515388489,361.532928467,-230.578659058
-19.3316860199,361.66809082,-232.201004028
-19.6965122223,361.571990967,-233.197845459
-19.8991451263,361.773223877,-233.799377441
-20.3779697418,363.465270996,-236.088134766
-20.6634998322,363.549682617,-236.180633545
-20.7006015778,363.172851562,-236.045471191
-20.2876167297,363.010467529,-236.348892212
-19.8585987091,362.06350708,-236.782394409
-16.2393493652,363.604003906,-244.443878174
-17.1146736145,363.777587891,-244.68586731
-17.2078285217,362.134277344,-243.550842285
-17.2278747559,361.628967285,-242.594970703
-17.1163024902,361.451904297,-241.723419189
-16.4398117065,361.133911133,-241.127304077
-14.3610973358,361.007598877,-239.971252441
-16.0135173798,361.265380859,-242.391479492
-16.2548923492,357.468383789,-242.345199585
-15.2744464874,356.375823975,-247.420333862
-14.5351753235,358.151062012,-248.177108765
-14.5254850388,358.159393311,-248.928894043
-14.881149292,358.021209717,-249.58291626
-16.5747299194,361.519073486,-251.908676147
-15.1336755753,363.922119141,-252.605194092
-15.8054885864,362.437713623,-252.170028687
-16.5723075867,360.743377686,-251.673324585
-16.9487876892,359.911499023,-251.429458618
-17.5190391541,359.13079834,-251.347229004
-15.5326528549,357.9296875,-251.148376465
-15.2307033539,357.288848877,-252.498672485
-15.5834655762,358.452423096,-251.453857422
-15.9580516815,358.300750732,-251.344207764
-18.0308990479,356.836242676,-251.433700562
-19.5261802673,355.779785156,-251.498245239
-16.2788028717,359.179382324,-252.172622681
-14.2956600189,357.339202881,-250.81149292
-16.2568531036,355.58996582,-249.918807983
-17.285572052,354.672424316,-249.450576782
-17.8502445221,354.025604248,-248.614242554
-18.489572525,352.918212891,-249.169433594
-19.7892494202,352.251678467,-250.541046143
-21.0502853394,352.089080811,-251.606109619
-20.7376708984,351.773010254,-251.943481445
-20.92461586,350.194885254,-253.551177979
-22.57762146,343.691680908,-261.203216553
-22.0299472809,343.392028809,-261.529327393
-27.7671642303,351.316772461,-268.338867188
-25.9994754791,351.68182373,-269.011108398
-25.6066131592,351.860076904,-269.796539307
-25.790189743,352.65435791,-271.159545898
-25.9094047546,353.170166016,-272.044708252
-25.9488925934,353.341003418,-272.337890625
-27.2714977264,353.191864014,-271.76083374
-27.0371665955,353.266876221,-271.555633545
-26.8243503571,353.335021973,-271.369262695
-27.1930599213,353.742340088,-271.087219238
-27.5207271576,353.415252686,-270.996246338
-22.9586315155,353.323516846,-283.720123291
-21.6083660126,353.296356201,-287.486053467
-21.406785965,353.292297363,-288.048248291
-25.5715274811,352.674224854,-288.567657471
-27.6875400543,352.360198975,-288.831573486
-27.6561203003,352.527557373,-288.283660889
-27.634437561,352.643035889,-287.905517578
-28.4044361115,351.847229004,-286.693664551
-28.9053421021,351.329498291,-285.905334473
-29.1521377563,351.074432373,-285.516906738
-27.9376983643,348.897827148,-284.272369385
-27.0292949677,347.407897949,-283.673339844
-26.7375507355,346.929382324,-283.480957031
-27.314617157,346.380279541,-283.423156738
-27.8764972687,346.286621094,-282.723388672
-29.7238082886,345.926269531,-282.067016602
-32.0481643677,345.57119751,-281.436309814
-31.9583053589,347.818634033,-280.320800781
-31.6081809998,349.023284912,-279.489685059
-31.0672836304,353.94342041,-277.931488037
-31.4364032745,348.550720215,-270.372680664
-29.9197387695,345.649627686,-267.93649292
-29.5611381531,344.871124268,-267.33694458
-29.6113548279,346.299560547,-267.838043213
-29.844959259,346.254730225,-268.11831665
-30.2034378052,346.355957031,-268.425750732
-29.7668151855,346.766815186,-269.437164307
-28.9463329315,347.991699219,-271.38381958
-27.9699821472,347.10635376,-271.840270996
-26.9944324493,345.777954102,-273.213562012
-28.8736782074,350.110229492,-271.920074463
-27.5985984802,350.483612061,-273.605407715
-28.8294296265,343.425018311,-272.775482178
-28.9565734863,344.177856445,-272.740081787
-27.3853034973,347.207580566,-274.789733887
-25.881734848,355.583099365,-281.185516357
-25.6955051422,354.213409424,-279.729217529
-27.3296546936,351.97177124,-278.453948975
-29.9741268158,350.823486328,-279.323150635
-31.3422412872,349.263641357,-279.809570312
-32.4175376892,349.157012939,-279.722045898
-32.9257202148,347.154907227,-279.114532471
-33.6557655334,347.834991455,-279.724090576
-31.0082817078,347.999267578,-286.422729492
-30.2035446167,346.695556641,-288.373718262
-28.9264411926,349.010375977,-294.305023193
-28.7197036743,349.138061523,-294.192260742
-33.2629585266,334.808258057,-286.875061035
-35.7553215027,340.252593994,-288.101104736
-34.7329673767,353.764007568,-291.321685791
-26.2511177063,356.533294678,-300.358032227
-25.444934845,356.54498291,-302.057769775
-25.3873634338,355.36239624,-299.930084229
-25.339389801,354.376922607,-298.157073975
-27.2402324677,353.012512207,-298.849090576
-28.2155570984,352.666931152,-299.108215332
-28.8889255524,351.941925049,-299.879638672
-29.3342552185,351.462432861,-300.389801025
-29.585981369,351.137359619,-300.630737305
-29.3971977234,347.570556641,-299.449157715
-34.4162483215,348.591918945,-288.084869385
-35.2510414124,348.737792969,-291.109924316
-31.6483001709,352.038299561,-297.653076172
-32.3421478271,351.599029541,-299.360351562
-32.5135154724,351.490539551,-299.782043457
-32.5878944397,351.443450928,-299.965057373
-33.6573257446,353.244110107,-299.52633667
-35.033782959,354.825500488,-299.351745605
-34.9479598999,355.908416748,-300.274108887
-34.5135536194,355.578277588,-300.990386963
-38.3394775391,357.794769287,-312.828887939
-38.3808555603,357.739959717,-317.394104004
-40.0718612671,361.743927002,-321.179351807
-37.6394729614,353.885528564,-320.951599121
-37.4126052856,349.691131592,-319.842712402
-37.2539291382,348.683135986,-319.815063477
-37.0337753296,349.550628662,-322.833831787
-34.9982223511,343.78717041,-323.565185547
-35.5559921265,340.234558105,-323.761230469
-35.8155212402,340.013336182,-323.526702881
-36.9189720154,339.71975708,-322.970672607
-41.5560417175,337.614440918,-323.392150879
-42.6252555847,335.131164551,-322.882385254
-42.2165641785,334.363586426,-323.023651123
-41.4876670837,334.074066162,-323.625091553
-40.708820343,334.033477783,-324.592193604
-41.1420707703,331.946838379,-326.151031494
-39.8376808167,329.007568359,-328.455505371
-36.2322731018,326.092437744,-328.532043457
-34.9131546021,325.025878906,-328.560058594
-34.5196723938,324.719299316,-328.460205078
-34.0730133057,324.477905273,-328.585449219
-32.4695320129,323.937530518,-331.201446533
-30.0308818817,323.713256836,-332.409423828
-29.1303939819,325.301483154,-333.898803711
-29.5123691559,325.583129883,-333.404144287
-29.7048015594,325.015960693,-333.387634277
-29.8591194153,324.561157227,-333.374359131
-29.5699901581,324.146972656,-334.037780762
-28.2591896057,324.066131592,-331.742492676
-27.3575496674,320.877349854,-331.794433594
-32.6146965027,329.850616455,-347.776092529
-34.7681007385,329.944641113,-350.90625
-33.0287361145,330.191619873,-350.760620117
-31.6590232849,328.882629395,-350.651763916
-31.6403694153,328.359863281,-350.835296631
-31.481962204,320.723419189,-352.294219971
-31.4200172424,317.737213135,-352.864715576
-30.6575393677,317.553710938,-353.106719971
-30.1189823151,318.672302246,-352.906951904
-29.7522106171,319.434112549,-352.770904541
-28.6419334412,321.54864502,-351.765472412
-28.0437908173,322.687835693,-351.223815918
-30.6422996521,321.845855713,-351.613128662
-31.0925178528,321.556182861,-351.833770752
-31.2456378937,321.457672119,-351.908782959
-33.1002998352,321.049346924,-352.747955322
-34.2489433289,320.796478271,-353.267669678
-34.7783088684,320.679931641,-353.507171631
-33.5436820984,336.762268066,-353.26348877
-33.2984352112,333.915649414,-354.173095703
-33.5209541321,329.219055176,-355.788757324
-33.7861938477,327.789520264,-359.142272949
-32.9586334229,328.253753662,-359.695098877
-32.9470405579,327.232757568,-360.828186035
-28.0861949921,328.298614502,-363.071624756
-29.2786273956,328.437164307,-363.56048584
-30.3352737427,327.428192139,-363.13571167
-32.1016807556,325.132446289,-372.837463379
-28.2463302612,320.151641846,-371.409362793
-26.0877361298,320.512542725,-371.293792725
-25.4552154541,320.618286133,-371.25994873
-28.0251808167,318.951965332,-371.899536133
-33.8404045105,318.307373047,-372.275390625
-33.2691688538,318.641021729,-372.308349609
-33.0146598816,318.789703369,-372.323028564
-32.9215202332,318.790313721,-372.331237793
-32.8590316772,318.790710449,-372.336761475
-32.8063278198,318.791046143,-372.341400146
-34.3729324341,322.456726074,-375.740875244
-37.2470626831,325.450195312,-377.072662354
-38.9490470886,324.756896973,-378.597503662
-30.5930557251,323.803344727,-377.276123047
-34.5113830566,325.683288574,-375.758117676
-36.3003082275,336.751434326,-384.107208252
