-41.7280273438,149.742614746,221.46736145
-37.3703460693,143.775863647,223.781768799
-38.842716217,141.314819336,224.126968384
-36.1108436584,139.667663574,225.13973999
-37.2254600525,139.792236328,225.066818237
-38.4835624695,140.352600098,224.961395264
-39.340423584,139.63923645,224.03263855
-42.0349121094,137.984695435,222.343704224
-40.9165496826,137.204376221,222.066238403
-41.6199874878,137.531341553,221.503463745
-43.4522094727,137.714691162,219.753173828
-40.5075645447,139.352737427,218.494445801
-55.1119155884,139.933013916,210.324020386
-64.7476425171,138.216003418,208.878250122
-39.5554161072,150.597290039,186.361129761
-39.5854263306,150.482650757,186.391601562
-39.598400116,150.453399658,186.424057007
-39.6093521118,150.428710938,186.451461792
-39.6054153442,150.38973999,186.470474243
-38.7659492493,151.072128296,186.800674438
-38.5426597595,150.795761108,186.754135132
-38.3267250061,150.462509155,186.705764771
-38.0155715942,149.988525391,186.71043396
-38.0575790405,149.909378052,186.653167725
-38.2594108582,149.478988647,186.323364258
-37.7874298096,147.893066406,185.890625
-37.5357131958,147.341674805,185.665893555
-37.8846282959,147.101028442,185.584518433
-38.0767822266,146.633071899,185.587768555
-38.0727043152,146.639556885,185.587158203
-38.0583572388,146.629592896,185.520675659
-38.0778923035,146.588119507,185.452697754
-38.076259613,146.648757935,185.193664551
-38.1195716858,146.520111084,184.979614258
-38.1870002747,146.055847168,184.569564819
-37.8012809753,146.255706787,183.901046753
-37.6862487793,146.01348877,183.473632812
-37.4449386597,145.892623901,182.754821777
-37.4036827087,145.568771362,182.250640869
-35.9023780823,146.798812866,181.643585205
-36.0126686096,146.475692749,181.363815308
-36.0051574707,146.495193481,181.172485352
-36.284488678,146.154998779,180.853088379
-36.3072547913,146.03755188,180.434631348
-37.214389801,145.446853638,180.086303711
-37.8759460449,145.350189209,180.036300659
-37.7612762451,144.350082397,179.605377197
-37.3396568298,144.302612305,179.364379883
-37.338973999,144.357543945,179.186416626
-37.7036018372,144.259185791,179.07585144
-37.6815834045,143.509338379,178.968994141
-37.6887702942,142.942764282,178.850860596
-37.7621650696,142.792831421,178.813140869
-37.8655548096,142.689468384,178.76663208
-37.9930458069,142.332458496,178.622589111
-38.1388282776,141.897476196,178.477035522
-38.1346473694,141.715499878,178.072647095
-38.1455497742,141.529937744,177.741699219
-38.1845169067,141.320007324,177.429168701
-38.6270866394,140.46005249,176.519119263
-38.7209472656,139.741378784,175.766647339
-39.1766242981,139.476852417,175.007675171
-39.7540168762,139.619949341,174.278381348
-39.6741752625,139.385421753,173.773696899
-39.8831214905,138.87739563,173.189971924
-40.8711776733,138.403076172,172.853225708
-40.9022140503,138.73890686,172.522338867
-39.8831863403,137.243804932,170.180343628
-39.5436286926,137.553939819,168.835845947
-39.5219078064,137.511047363,168.671020508
-39.3505477905,137.675109863,168.381729126
-39.2511634827,137.69758606,168.027359009
-38.8728637695,137.336547852,167.438537598
-38.79504776,137.317245483,166.895828247
-39.3239784241,137.289810181,166.220993042
-39.7738075256,137.35446167,165.625045776
-39.9839706421,137.290054321,165.194442749
-39.6873130798,136.912857056,164.217193604
-39.5100708008,136.368118286,163.448822021
-39.2772407532,136.195587158,162.266998291
-39.06823349,136.066452026,161.501953125
-39.0529594421,136.42048645,160.81552124
-39.4248542786,135.982147217,159.901733398
-39.632194519,135.754425049,159.241149902
-40.0788497925,136.101165771,158.309814453
-39.999710083,135.917419434,157.700088501
-40.2057914734,136.149658203,157.281570435
-40.2982826233,136.0675354,156.936569214
-40.3090667725,135.876480103,156.573364258
-39.6349487305,133.250839233,154.369918823
-39.2532958984,132.829849243,153.229949951
-39.0863571167,132.791549683,152.760696411
-38.5317306519,132.860733032,152.107849121
-38.7670669556,132.740264893,151.838195801
-39.0334434509,132.651901245,151.129425049
-38.712184906,130.914276123,149.011276245
-38.4667739868,130.889556885,147.693771362
-38.4168815613,130.792495728,147.236968994
-38.5063400269,130.737213135,146.605667114
-38.4414596558,130.735397339,145.753662109
-38.8236732483,129.395065308,144.658187866
-38.6534843445,129.285369873,143.723403931
-38.6737823486,128.959213257,142.713638306
-38.9104309082,127.853675842,141.652313232
-39.4358253479,127.35773468,140.917205811
-39.4421882629,127.246856689,140.137771606
-39.2749938965,127.141319275,139.488891602
-39.3482513428,126.840713501,138.569869995
-39.5229721069,126.333976746,137.61227417
-39.4524497986,126.079360962,136.371322632
-39.3833045959,125.348167419,134.89402771
-39.154209137,125.741271973,133.693450928
-38.9795608521,125.466789246,132.410888672
-38.8312835693,125.197418213,131.339385986
-38.6854896545,125.309646606,130.281219482
-38.5260543823,125.083206177,129.491287231
-38.2369766235,125.318450928,128.289306641
-38.0192871094,125.398147583,127.151016235
-37.6813240051,125.671669006,125.886398315
-37.3696594238,125.668312073,124.807891846
-37.4391517639,125.445541382,124.215423584
-37.3982887268,125.252746582,122.593391418
-37.1032600403,125.171035767,120.931793213
-37.0377540588,125.293418884,119.98462677
-36.6590118408,125.091377258,118.552513123
-36.3883743286,124.584991455,117.480506897
-36.2117500305,124.336540222,116.581390381
-35.9068336487,123.723014832,114.861183167
-35.7352561951,123.373596191,113.589370728
-35.7532501221,123.503646851,112.846176147
-35.6002197266,123.282356262,112.129226685
-35.6099433899,123.045310974,111.608398438
-35.1396064758,122.053894043,109.723609924
-34.986038208,122.202964783,108.93913269
-35.0287666321,122.038368225,108.533088684
-35.1773986816,121.917739868,107.986679077
-34.9659767151,121.804298401,105.406646729
-34.8896217346,121.556770325,103.991256714
-34.6040000916,122.120025635,101.848274231
-34.6657333374,121.72278595,101.341499329
-34.2882118225,121.477928162,100.060798645
-33.6384925842,121.245765686,98.5369186401
-33.3466911316,121.366233826,96.9554901123
-32.803817749,121.510871887,95.3825073242
-32.2840766907,121.449378967,93.837638855
-31.6700363159,120.939445496,92.9153900146
-31.0161380768,120.599403381,91.1025924683
-30.8420448303,120.202316284,89.962890625
-30.9305267334,120.457855225,88.6517562866
-31.0062446594,121.133605957,86.9431991577
-31.0494194031,120.947723389,85.5824966431
-31.2328243256,121.081443787,84.4468994141
-31.1273365021,121.49647522,83.1381530762
-31.0871105194,121.369659424,81.591255188
-30.9144096375,121.213935852,80.0530700684
-30.8665828705,120.920448303,79.0462112427
-30.9760379791,120.69883728,77.5782394409
-31.0548763275,120.469085693,76.3181610107
-31.4140472412,119.928581238,75.0211868286
-31.1642932892,119.207801819,73.7790679932
-31.0975780487,119.186775208,72.0379104614
-30.9945678711,118.701545715,70.7228393555
-30.723077774,118.016403198,69.3579406738
-30.6161785126,117.733131409,68.2174606323
-30.6212882996,117.627166748,67.1001815796
-30.5968265533,117.607650757,66.2524337769
-30.5611743927,117.577629089,64.9132843018
-30.5815639496,117.683547974,63.4628105164
-30.4917201996,117.670898438,62.29870224
-30.4521369934,117.780761719,61.5559844971
-30.4232273102,117.870025635,60.838104248
-30.1881980896,118.068695068,59.3062438965
-29.8298912048,117.697746277,57.6622161865
-29.5665912628,117.323059082,56.4052391052
-29.7079257965,117.242332458,55.3714485168
-29.5708827972,116.926895142,54.0263900757
-29.4998416901,116.062652588,52.48853302
-29.3915348053,115.76750946,51.2211990356
-29.3987808228,115.707496643,50.0418052673
-29.2975730896,115.452789307,48.4548568726
-28.9961605072,115.292121887,46.9461669922
-28.9494018555,115.168083191,45.3969802856
-28.8410491943,115.087493896,44.0709342957
-28.7000236511,114.998329163,42.9044418335
-28.3208179474,114.716140747,40.4589614868
-28.0855693817,114.5338974,38.8395729065
-27.7965927124,114.355606079,37.4706573486
-27.6524562836,114.25478363,36.0687942505
-27.5416126251,114.131500244,34.5324134827
-27.460723877,113.875740051,33.1016387939
-27.3661174774,113.780006409,31.9776496887
-27.4358863831,113.690979004,30.8694801331
-27.6959438324,113.605194092,29.3558216095
-27.9055919647,113.039825439,27.6958198547
-28.103679657,113.110618591,26.5925197601
-28.2098045349,113.253417969,25.8133411407
-28.4250068665,113.160812378,24.4742794037
-28.5953559875,113.53553009,23.1487483978
-28.7410907745,113.82333374,22.1087417603
-29.0736198425,113.238555908,20.4808864594
-29.2755851746,113.62575531,19.2121524811
-29.3434810638,114.005996704,17.8237419128
-29.3773040771,114.112754822,16.2183914185
-29.262834549,114.004455566,15.1251564026
-29.2314224243,113.852363586,14.1246366501
-28.9705352783,113.55645752,12.7014799118
-28.7535209656,113.461387634,11.2949361801
-28.5587768555,113.387443542,10.0284500122
-28.2401371002,113.097511292,8.37696266174
-27.8897304535,112.713539124,6.86907577515
-27.7165660858,112.333000183,5.49435043335
-27.4796600342,111.889221191,4.25149011612
-27.3620510101,111.345901489,2.6508398056
-27.2244243622,110.798500061,0.803002238274
-26.6912975311,110.094535828,-1.03864955902
-26.3331699371,109.891281128,-2.67164874077
-25.907743454,108.887863159,-4.62042093277
-25.7206993103,109.133781433,-6.25543451309
-25.2670249939,109.752212524,-8.51710796356
-24.8892116547,110.410606384,-10.2899484634
-24.5135536194,111.130081177,-11.5589704514
-24.227596283,111.786094666,-12.4126625061
-24.0596542358,112.353271484,-13.1690511703
-23.8950920105,112.683265686,-13.9018421173
-23.8124408722,113.022956848,-14.6700897217
-23.7172889709,113.205444336,-15.3971376419
-23.7298583984,113.312309265,-16.0536766052
-23.7301578522,113.283248901,-16.5762386322
-23.6444511414,113.127258301,-17.477060318
-23.6075706482,112.957794189,-18.0760116577
-23.4639854431,112.832618713,-18.5592498779
-23.3564548492,112.692878723,-19.1949481964
-23.1736698151,112.573570251,-19.7823543549
-22.8995380402,112.475151062,-20.3278770447
-22.5741214752,112.38923645,-20.8419971466
-22.2083683014,112.242004395,-21.5307865143
-21.8159179688,111.997688293,-22.3043670654
-21.4872455597,111.838157654,-22.8792762756
-21.2623081207,111.71938324,-23.4440402985
-20.991601944,111.662689209,-23.8746433258
-20.669424057,111.639961243,-24.2996807098
-20.4140377045,111.581474304,-25.1040000916
-19.9715576172,111.456443787,-26.0953197479
-19.7445316315,111.36089325,-26.6343765259
-19.4352416992,111.155197144,-27.2720756531
-19.2548103333,110.998825073,-28.0480899811
-19.0771923065,110.900993347,-28.5958423615
-18.8515319824,110.866821289,-28.9993209839
-18.6461544037,110.864341736,-29.3087558746
-18.4321670532,110.895118713,-29.5596504211
-18.2465724945,110.903816223,-29.7969989777
-17.9340572357,110.88609314,-30.085313797
-17.5421123505,110.874946594,-30.3833656311
-16.9793148041,110.857177734,-31.0189838409
-16.1991348267,110.594459534,-32.2134437561
-15.6064014435,110.477203369,-33.0645866394
-15.1261386871,110.415794373,-33.6919975281
-14.5533285141,110.343856812,-34.7534217834
-13.7102231979,110.235404968,-35.9037857056
-12.9759664536,110.083023071,-37.0445671082
-11.9667434692,109.739204407,-38.6870498657
-10.7623300552,109.335083008,-40.9842185974
-9.89129638672,109.361953735,-43.1270103455
-9.26269435883,109.497520447,-44.8203582764
-8.7878704071,109.627090454,-45.9164810181
-8.58640956879,109.879150391,-46.9984207153
-8.19075965881,109.934577942,-48.6320343018
-7.87917804718,109.96875,-49.6697425842
-7.77511644363,109.874732971,-50.2957801819
-7.40488052368,109.288955688,-52.2751579285
-7.07375431061,108.805747986,-53.4352493286
-6.82333803177,108.043029785,-54.5384979248
-6.62339496613,107.794921875,-55.0648994446
-6.46954679489,107.525947571,-56.0053825378
-6.41265249252,107.447273254,-56.5503959656
-6.28312587738,107.448356628,-57.1263771057
-5.86389398575,107.049659729,-58.4980430603
-5.90548849106,107.063011169,-59.3994102478
-5.78862857819,107.134124756,-59.9867019653
-5.08540630341,103.728790283,-64.3340148926
-4.5313129425,104.659324646,-66.4414672852
-3.83109521866,105.284767151,-67.1278533936
-3.815076828,106.405288696,-67.1038208008
-3.90905332565,106.983299255,-67.1042022705
-3.89114689827,107.588005066,-67.1578521729
-3.9425137043,108.679626465,-67.2804031372
-4.04985189438,109.504997253,-67.5715560913
-4.47987365723,110.683906555,-69.2436904907
-4.69903516769,111.726547241,-71.7316665649
-4.91601419449,112.145637512,-73.8801116943
-4.72885227203,112.337501526,-76.1561203003
-4.99857616425,112.512443542,-78.152633667
-5.33637619019,112.579933167,-79.9076766968
-5.84888792038,112.834693909,-81.3139648438
-6.28028964996,113.439842224,-82.4334945679
-6.81047964096,113.978210449,-84.1026916504
-7.25021314621,114.002159119,-85.2074203491
-7.8369679451,113.909385681,-86.7250061035
-8.07705116272,113.052108765,-90.8003768921
-9.14431190491,112.760345459,-92.7468948364
-9.40180778503,109.822395325,-94.9579162598
-10.0648241043,108.460136414,-96.2230300903
-10.6344528198,107.660743713,-96.6117095947
-10.9554109573,107.083442688,-97.1386489868
-10.6842823029,105.134033203,-96.5536804199
-10.6666593552,105.184425354,-96.7403411865
-10.6536331177,105.221679688,-96.8783187866
-10.3964309692,104.902145386,-97.4568557739
-9.93643569946,105.312431335,-97.9423751831
-9.81924247742,105.489402771,-99.3258514404
-7.26752996445,103.771484375,-100.220062256
-6.44582176208,104.546188354,-102.061561584
-6.04479122162,105.124305725,-102.77015686
-5.77656269073,106.091537476,-104.735908508
-5.13175487518,106.306274414,-105.303924561
-4.83287811279,106.405815125,-105.567214966
-4.66317558289,106.462333679,-105.716705322
-4.60878229141,106.383071899,-105.895462036
-4.69767045975,106.134521484,-106.378738403
-4.46379899979,105.604537964,-107.823226929
-4.74623203278,105.360565186,-109.118362427
-4.89144134521,105.235122681,-109.784240723
-5.73110342026,105.617507935,-110.447593689
-6.29496002197,105.874290466,-110.893051147
-6.72716426849,105.979362488,-110.499557495
-7.40827703476,106.707862854,-110.016143799
-7.81359148026,107.180183411,-109.677528381
-7.89625167847,108.149177551,-107.844322205
-8.64245986938,108.818374634,-106.472244263
-14.2324571609,110.963478088,-93.66746521
-14.5173807144,109.95916748,-83.3795318604
-17.7334842682,108.779556274,-72.1212921143
-20.4218616486,108.155220032,-65.2248382568
-20.5084285736,108.231140137,-64.7976608276
-20.7984924316,108.442756653,-65.0577011108
-20.5284347534,108.77243042,-66.294090271
-20.2697219849,108.937278748,-67.0603408813
-20.1493835449,109.013961792,-67.4167633057
