51.8201980591,251.732162476,209.948883057
51.8201980591,251.732162476,209.948883057
51.8201980591,251.732162476,209.948883057
51.8201980591,251.732162476,209.948883057
51.8201980591,251.732162476,209.948883057
51.8201980591,251.732162476,209.948883057
51.8201980591,251.732162476,209.948883057
51.0108985901,251.36088562,209.674453735
49.519493103,250.917877197,205.699508667
48.717540741,250.679672241,203.562103271
48.3407287598,250.368667603,202.187789917
48.0453872681,249.574005127,200.387390137
53.7792015076,250.827285767,196.091247559
56.2503318787,252.286560059,193.634490967
57.5271720886,251.653045654,192.035202026
57.9863815308,252.493896484,190.589447021
57.9445114136,252.045150757,188.302154541
57.9282073975,251.870391846,187.411392212
57.9353981018,251.608383179,186.53225708
57.8236274719,250.805679321,184.965499878
57.7607192993,250.353866577,184.083633423
57.7257461548,250.10269165,183.59336853
57.6338577271,249.148925781,182.161956787
57.3662834167,248.440032959,179.947189331
56.9915008545,247.09475708,178.195419312
56.7957077026,246.354705811,177.140274048
56.8735198975,245.674682617,176.482345581
57.0791625977,243.877563477,174.743606567
57.1514778137,243.245620728,174.13218689
57.1793556213,243.001998901,173.896484375
57.1519737244,242.974060059,173.711044312
57.1316223145,242.953308105,173.573226929
57.1158218384,242.937179565,173.466217041
57.1026954651,242.923797607,173.377304077
57.0925941467,242.913482666,173.308898926
57.0148620605,242.779891968,172.907440186
56.8440895081,242.27571106,172.246398926
56.7657051086,241.922912598,171.638412476
56.6337928772,240.859375,170.491271973
56.5550308228,240.224365234,169.806335449
56.6129302979,240.309417725,169.001296997
56.5210266113,240.451019287,168.214080811
56.5979385376,240.128875732,167.644622803
56.8453865051,239.889160156,166.993591309
57.2760124207,239.108413696,165.415985107
57.5266723633,238.653945923,164.497680664
57.8702316284,238.610107422,163.169036865
57.4671363831,238.62940979,161.449508667
57.1640090942,237.087219238,159.647384644
57.2211799622,237.337539673,158.477249146
58.8513450623,241.419570923,155.486297607
58.7924880981,241.016616821,155.226730347
58.5062255859,240.812606812,154.94152832
58.2313919067,240.088272095,154.6612854
58.2946281433,240.264007568,154.720718384
58.304775238,240.271987915,154.727981567
58.563873291,239.778579712,154.820587158
58.5566444397,239.639709473,154.57975769
58.5341300964,239.314727783,154.395751953
58.7062492371,239.754928589,154.127639771
58.5835990906,239.353240967,153.080841064
58.2829284668,238.951797485,152.033493042
58.2464447021,238.694122314,151.236907959
57.5472335815,238.889480591,148.9896698
57.0581359863,238.939880371,147.95954895
57.2116889954,237.394241333,147.059661865
57.1738891602,237.442230225,145.787963867
56.9418945312,237.22543335,143.449676514
56.646484375,236.288360596,142.223556519
56.2218742371,235.298034668,141.310195923
56.0363197327,235.697998047,140.611907959
55.8702507019,235.923751831,139.698638916
55.5566101074,235.724472046,137.814804077
55.3650550842,235.525817871,136.351074219
55.1785545349,235.672302246,134.477096558
55.123626709,234.556655884,133.034988403
55.0334243774,233.011398315,131.813613892
55.0612411499,233.817169189,130.468795776
55.4552497864,234.989837646,128.48223877
55.6836242676,236.367828369,127.09664917
55.5246582031,234.991348267,126.223495483
55.3322944641,234.338745117,125.518859863
55.4492111206,235.34979248,124.193611145
55.5302505493,236.311645508,122.421707153
55.2830200195,237.08934021,120.845863342
55.1378974915,237.936843872,119.26096344
54.9776039124,238.598587036,117.67591095
54.7421722412,239.099014282,116.123168945
54.3520736694,239.379852295,114.508033752
53.8744659424,239.6381073,113.299377441
53.4644622803,239.548583984,111.521255493
52.9817504883,239.660018921,109.423271179
52.6518173218,239.599563599,107.291915894
52.3916130066,239.747741699,105.517318726
52.2403488159,240.291488647,103.864624023
52.0045433044,240.345916748,101.801925659
51.6741256714,240.553970337,99.428565979
51.3509712219,240.765167236,97.46875
50.9766426086,240.622650146,95.7495269775
50.7301177979,240.649368286,94.3963394165
50.7605628967,240.714828491,92.7925796509
50.9115257263,240.828811646,90.7791900635
51.2788581848,240.241317749,88.5284042358
51.8951301575,239.468093872,85.5490722656
52.4229698181,239.056274414,83.4858322144
52.922000885,238.525085449,82.0187911987
53.2463569641,238.254333496,80.7653045654
53.5401611328,237.922668457,79.4369506836
53.7720184326,237.705108643,78.2531890869
53.9094734192,237.677734375,77.289642334
53.9866523743,237.731262207,76.6674575806
54.0193252563,237.816360474,76.0143890381
54.0509643555,237.969085693,75.212638855
54.042175293,238.201599121,74.2543792725
54.0676727295,238.098693848,73.1443634033
54.0450744629,237.826004028,72.2445144653
53.8822937012,237.814163208,71.5035552979
53.750541687,237.680786133,70.5563735962
53.4569740295,237.592666626,69.5988769531
53.036277771,237.723983765,68.734954834
52.6249694824,237.858551025,67.5748901367
52.2442054749,238.049697876,66.7722320557
52.0375709534,238.405975342,65.81615448
51.8433151245,238.669067383,65.0424880981
51.7222175598,238.994506836,64.4769210815
51.6706352234,239.455444336,63.6705131531
51.6983642578,239.964614868,62.8545341492
51.6309547424,240.312469482,62.325378418
51.420009613,240.6900177,61.6355400085
51.0549049377,241.151092529,60.6538124084
50.6957092285,241.362167358,59.5921554565
50.3088722229,241.355026245,58.7547225952
49.7986755371,241.336654663,57.8678512573
49.3438606262,241.41355896,56.9709892273
48.930606842,241.723556519,55.9501953125
48.540599823,242.430175781,54.7959442139
48.2606697083,243.295562744,53.7737579346
48.04662323,244.396743774,52.6260223389
47.9034996033,245.489608765,51.0844421387
47.7240371704,246.418426514,49.4596405029
47.5095939636,247.05796814,48.1250572205
47.1371841431,247.591567993,45.9031867981
46.7422599792,247.999771118,43.7161903381
46.3000717163,248.152786255,41.0932731628
45.7257881165,248.48815918,38.8454971313
44.855430603,249.137832642,36.1707763672
43.9635276794,249.435516357,33.4353866577
42.9308586121,249.194137573,30.7913169861
41.9666786194,249.019058228,28.1381568909
41.1391944885,248.908462524,25.6946239471
39.7065658569,248.794769287,22.4141654968
38.5218429565,248.660629272,19.339138031
37.1136932373,248.379043579,15.8252239227
35.8845901489,248.151123047,12.560259819
34.594669342,248.024353027,9.73015022278
33.3985099792,247.76991272,6.48750162125
32.045665741,247.444763184,3.02035403252
30.7408428192,247.004638672,-0.222326502204
29.629486084,246.338790894,-4.09543085098
28.4064865112,245.741500854,-7.27409553528
27.3774833679,245.073745728,-10.3272132874
26.7581100464,244.608154297,-12.4400453568
26.1548728943,244.170776367,-14.9805002213
25.7156238556,243.741729736,-17.9420623779
25.3391609192,243.404998779,-20.2266769409
25.0846729279,243.13458252,-22.0417613983
25.5815067291,241.683609009,-27.1895580292
25.9473133087,241.392990112,-28.8017044067
26.8026885986,241.204727173,-30.8937206268
27.5137901306,240.870986938,-32.5901565552
28.5830287933,240.642654419,-34.7419433594
29.5772037506,240.504180908,-36.310256958
30.5428543091,240.589126587,-38.2309951782
31.4220619202,240.632736206,-40.1445999146
32.3257293701,240.489608765,-41.8122596741
33.3919525146,240.045257568,-43.8745117188
34.1492576599,239.732025146,-45.5460166931
34.9581298828,239.348327637,-47.3851661682
35.6207733154,238.885238647,-49.1433334351
36.3863258362,238.330764771,-51.6591491699
36.9233093262,237.480987549,-54.4344291687
37.1270256042,237.09664917,-57.0747680664
37.0242462158,236.708114624,-59.8958053589
36.6993217468,236.488525391,-62.6135101318
36.3421020508,236.151947021,-65.2311401367
35.8895950317,236.015228271,-67.824836731
35.3392372131,235.665298462,-71.1746444702
34.3642425537,235.364089966,-75.1971893311
33.5992393494,234.591918945,-79.1409606934
32.6888885498,234.596817017,-82.2021179199
31.7421474457,234.492797852,-85.1514434814
30.4546203613,234.371780396,-87.9181213379
29.2661361694,234.473617554,-90.7072143555
28.1634521484,234.577438354,-93.5935440063
26.7660808563,234.79750061,-95.6615905762
25.5012607574,235.022415161,-99.0558624268
24.7969837189,235.298477173,-100.461105347
23.5385360718,235.782867432,-103.903457642
22.2974777222,236.231277466,-107.468696594
21.1134853363,236.596481323,-109.803092957
20.2632465363,236.732147217,-110.98500824
19.2833995819,236.826187134,-113.196182251
18.3602237701,237.157546997,-115.85294342
17.7960891724,237.257049561,-118.755279541
17.2611064911,237.231231689,-121.33404541
16.8928050995,236.995422363,-123.444694519
16.6080513,236.501296997,-125.242851257
16.2425556183,236.086044312,-126.902542114
15.7715158463,235.702301025,-128.824081421
15.4825057983,235.446731567,-130.071884155
15.1886606216,234.581298828,-131.163253784
14.8742437363,233.841369629,-133.061981201
14.3481798172,233.816757202,-134.485824585
14.0511379242,233.538116455,-136.217758179
13.5249023438,233.785903931,-138.598358154
12.7299785614,233.609741211,-140.42980957
12.1275548935,233.098526001,-141.498519897
11.9580831528,232.25227356,-143.591964722
11.2647447586,232.181152344,-145.096786499
10.2284460068,232.034561157,-145.63835144
9.23511123657,231.503326416,-146.319137573
8.55642414093,231.297531128,-146.996826172
8.18324565887,231.201766968,-147.213088989
7.63136863708,231.060150146,-147.532928467
6.94814014435,229.731002808,-149.939712524
6.38684082031,229.202102661,-153.142913818
6.49853944778,229.175842285,-154.9425354
6.54235363007,229.165542603,-155.648452759
6.56191587448,229.160934448,-155.963623047
6.54801988602,229.105102539,-156.178161621
6.53989696503,229.072463989,-156.30355835
6.44285583496,227.757202148,-159.403182983
6.6254992485,227.174636841,-164.015579224
6.69906187057,225.101348877,-166.627120972
6.61014890671,224.780639648,-167.3309021
6.50133895874,224.693161011,-167.542175293
6.21702623367,224.65713501,-167.753234863
6.00117111206,224.62979126,-167.913467407
4.83547258377,222.781646729,-172.332000732
4.64932966232,222.130340576,-174.344390869
4.39864253998,221.271652222,-174.597610474
4.7218875885,220.796157837,-174.976272583
4.74459886551,220.70211792,-175.032241821
4.72514438629,220.656967163,-175.063674927
4.67050790787,220.558349609,-175.103485107
5.37797737122,220.392562866,-175.164398193
5.3471121788,220.32598877,-175.214187622
4.67063236237,219.571716309,-176.410293579
4.38339424133,218.705459595,-178.547286987
3.45318603516,218.017715454,-180.93157959
2.25918388367,219.447921753,-182.693588257
1.6478446722,220.266845703,-183.780944824
1.53947877884,220.870346069,-185.081481934
1.87735855579,220.562850952,-186.976409912
1.61761808395,219.926391602,-188.14630127
3.77642250061,217.346801758,-189.369720459
7.49095726013,215.114334106,-190.894683838
7.22726106644,215.02571106,-191.479675293
6.91669225693,215.34387207,-191.594528198
6.53697681427,215.622421265,-191.744522095
5.7618932724,215.912704468,-191.703613281
5.45020055771,215.663299561,-191.730041504
5.40844106674,215.596786499,-191.727416992
4.78129816055,215.246520996,-191.801010132
2.37379932404,215.325668335,-190.399002075
-0.499190926552,212.699386597,-189.979568481
-1.6727669239,209.159622192,-190.180801392
-2.10958313942,210.767807007,-190.988830566
-1.81673288345,212.736419678,-194.086975098
-1.24466252327,212.9165802,-194.614898682
-1.49687612057,213.250656128,-194.847808838
-1.16250264645,213.98425293,-195.810302734
-1.14459908009,215.143936157,-196.241867065
-1.36419284344,215.656570435,-197.176940918
-1.67965269089,215.547561646,-198.047088623
-1.86064374447,214.480941772,-199.80796814
-1.55459690094,214.116439819,-202.540267944
-1.29930078983,214.187667847,-203.951217651
-0.645314216614,214.277572632,-204.83039856
-0.348425865173,214.357070923,-205.287261963
-0.629564762115,215.346603394,-206.101608276
-1.95226216316,209.260253906,-207.905029297
-3.8095061779,213.490036011,-209.032821655
-3.48979878426,215.531707764,-211.217895508
-3.41368031502,214.61932373,-211.183319092
-2.96544408798,215.664825439,-211.966201782
-2.94916915894,214.883148193,-213.305419922
-3.9443154335,215.665115356,-214.610061646
-4.23571920395,214.989028931,-218.266601562
-3.94442343712,215.475387573,-219.113937378
-3.62046647072,215.052383423,-221.067504883
-3.66456580162,216.340606689,-221.834350586
-4.00226259232,217.421691895,-222.227432251
-4.03214359283,217.262939453,-223.031860352
-4.05261898041,217.154144287,-223.583068848
-3.8501868248,217.565673828,-223.245513916
-3.70379543304,217.880844116,-223.07069397
-3.71623039246,217.808547974,-223.407150269
-3.52632808685,218.709075928,-223.25769043
-2.49471068382,218.678619385,-222.930099487
-1.28744137287,218.339431763,-222.8699646
-2.00954341888,217.119186401,-225.112442017
-1.7651116848,216.672821045,-225.617614746
-1.67000114918,216.499145508,-225.814178467
-1.35602259636,216.647460938,-226.075149536
-0.669765114784,216.930435181,-226.197753906
1.56397116184,218.748504639,-228.01473999
1.5197480917,220.361602783,-230.59703064
1.44213378429,220.607284546,-231.185211182
1.41729593277,220.685897827,-231.373428345
1.40244352818,220.732910156,-231.485992432
1.7148321867,220.280502319,-232.108093262
2.53837347031,220.343048096,-232.880447388
2.57930183411,219.988388062,-233.44732666
2.40055441856,219.116012573,-233.545394897
2.49008631706,218.536193848,-233.914306641
2.88454723358,219.614181519,-235.688232422
2.91877889633,220.897949219,-235.972747803
2.9482665062,221.017227173,-236.254455566
6.92468500137,220.749298096,-234.142288208
8.16726779938,220.171203613,-233.15145874
11.7231874466,214.970428467,-226.510192871
10.5197515488,208.103088379,-223.5440979
9.66791725159,209.181533813,-224.66317749
7.86093187332,211.76789856,-224.620407104
8.19806003571,211.769943237,-224.507019043
8.30155944824,211.01373291,-224.910614014
8.81549930573,209.483047485,-225.494445801
7.85918140411,209.739883423,-225.671401978
6.60141801834,210.293670654,-228.285186768
4.87628650665,210.420166016,-229.922637939
3.96228480339,209.952087402,-230.939605713
3.07970809937,209.81300354,-231.337554932
1.22561514378,209.913482666,-228.83164978
1.47469079494,209.230377197,-228.300231934
1.03416132927,208.633804321,-228.124069214
0.728491008282,208.134246826,-228.075317383
0.516338288784,207.384872437,-227.113433838
0.772111237049,206.41456604,-226.905059814
1.24592065811,204.589813232,-226.108154297
2.06265830994,204.928970337,-226.01612854
2.61758255959,205.159408569,-225.953613281
4.33781909943,202.48576355,-223.43800354
4.57420682907,197.701828003,-217.022705078
3.23740768433,195.615097046,-213.458129883
2.92169880867,195.122283936,-212.616287231
3.10514521599,195.640426636,-208.79850769
1.14978468418,196.669448853,-205.524581909
-0.0733853206038,195.561340332,-201.730194092
-0.985351622105,195.287231445,-200.038040161
-1.06975793839,195.073822021,-199.420700073
-1.34439027309,194.970657349,-198.925018311
-1.70000350475,194.835281372,-198.664459229
-1.931879282,194.747024536,-198.494552612
-1.94812273979,194.558135986,-198.264709473
-1.34625697136,194.442657471,-197.681152344
0.14260019362,192.347671509,-194.001998901
0.853237688541,191.229644775,-192.464569092
0.37059956789,191.079086304,-192.627441406
-2.17966675758,185.265411377,-185.56137085
-19.7310066223,185.216384888,-176.464157104
-23.4681797028,186.311309814,-170.268234253
-22.8001670837,185.056427002,-168.967819214
-22.2868480682,184.412689209,-167.759811401
-24.1563663483,181.744979858,-164.264984131
-22.2735519409,180.079360962,-163.48890686
